date,high,low,close,open,volume,highPct,lowPct,closePct,openPct,volumePct,sectorId,marketId,branchId
2019-02-28,4,4,4,4,0,-21.568627450980383,-19.67871485943776,-19.67871485943776,-21.568627450980383,-100,5,5,36
2019-02-27,4,4,4,4,0,0,0,0,0,NaN,5,5,36
2019-02-26,4,4,4,4,0,0,0,0,0,NaN,5,5,36
2019-02-25,4,4,4,4,0,0,0,0,0,NaN,5,5,36
2019-02-22,4,4,4,4,0,0,0,0,0,NaN,5,5,36
2019-02-21,4,4,4,4,0,0,0,0,0,NaN,5,5,36
2019-02-20,4,4,4,4,0,0,0,0,0,NaN,5,5,36
2019-02-19,4,4,4,4,0,0,0,0,0,NaN,5,5,36
2019-02-18,4,4,4,4,0,0,0,0,0,NaN,5,5,36
2019-02-15,4,4,4,4,0,0,0,0,0,NaN,5,5,36
2019-02-14,4,4,4,4,690,0,0,0,0,Infinity,5,5,36
2019-02-13,4,4,4,4,0,0,0,0,0,-100,5,5,36
2019-02-12,4,4,4,4,0,0,0,0,0,NaN,5,5,36
2019-02-11,4,4,4,4,0,0,0,0,0,NaN,5,5,36
2019-02-08,4,4,4,4,0,0,0,0,0,NaN,5,5,36
2019-02-07,4,4,4,4,0,0,0,0,0,NaN,5,5,36
2019-02-06,4,4,4,4,0,0,0,0,0,NaN,5,5,36
2019-02-05,4,4,4,4,0,0,0,0,0,NaN,5,5,36
2019-02-04,4,4,4,4,0,0,0,0,0,NaN,5,5,36
2019-02-01,4,4,4,4,0,0,0,0,0,NaN,5,5,36
2019-01-31,4,4,4,4,0,0,0,0,0,NaN,5,5,36
2019-01-30,4,4,4,4,1000,0,0,0,0,Infinity,5,5,36
2019-01-29,4.24,4.24,4.24,4.24,0,6.000000000000005,6.000000000000005,6.000000000000005,6.000000000000005,-100,5,5,36
2019-01-28,4.24,4.24,4.24,4.24,0,0,0,0,0,NaN,5,5,36
2019-01-25,4.24,4.24,4.24,4.24,1,0,0,0,0,Infinity,5,5,36
2019-01-24,4.64,4.64,4.64,4.64,0,9.433962264150942,9.433962264150942,9.433962264150942,9.433962264150942,-100,5,5,36
2019-01-23,4.64,4.64,4.64,4.64,0,0,0,0,0,NaN,5,5,36
2019-01-22,4.64,4.64,4.64,4.64,0,0,0,0,0,NaN,5,5,36
2019-01-21,4.64,4.64,4.64,4.64,0,0,0,0,0,NaN,5,5,36
2019-01-18,5,4.64,4.64,5,4000,7.758620689655182,0,0,7.758620689655182,Infinity,5,5,36
2019-01-17,3.54,3.54,3.54,3.54,0,-29.200000000000003,-23.70689655172413,-23.70689655172413,-29.200000000000003,-100,5,5,36
2019-01-16,3.54,3.54,3.54,3.54,0,0,0,0,0,NaN,5,5,36
2019-01-15,3.54,3.54,3.54,3.54,0,0,0,0,0,NaN,5,5,36
2019-01-14,3.54,3.54,3.54,3.54,0,0,0,0,0,NaN,5,5,36
2019-01-11,3.54,3.54,3.54,3.54,0,0,0,0,0,NaN,5,5,36
2019-01-10,3.54,3.54,3.54,3.54,0,0,0,0,0,NaN,5,5,36
2019-01-09,3.54,3.54,3.54,3.54,50,0,0,0,0,Infinity,5,5,36
2019-01-08,4.5,4.5,4.5,4.5,0,27.118644067796605,27.118644067796605,27.118644067796605,27.118644067796605,-100,5,5,36
2019-01-07,4.5,4.5,4.5,4.5,0,0,0,0,0,NaN,5,5,36
2019-01-04,4.5,4.5,4.5,4.5,0,0,0,0,0,NaN,5,5,36
2019-01-03,4.5,4.5,4.5,4.5,0,0,0,0,0,NaN,5,5,36
2019-01-02,4.5,4.5,4.5,4.5,0,0,0,0,0,NaN,5,5,36
2018-12-28,4.5,4.5,4.5,4.5,0,0,0,0,0,NaN,5,5,36
2018-12-27,4.5,4.5,4.5,4.5,0,0,0,0,0,NaN,5,5,36
2018-12-21,4.5,4.5,4.5,4.5,0,0,0,0,0,NaN,5,5,36
2018-12-20,4.5,4.5,4.5,4.5,0,0,0,0,0,NaN,5,5,36
2018-12-19,4.5,4.5,4.5,4.5,0,0,0,0,0,NaN,5,5,36
2018-12-18,4.5,4.5,4.5,4.5,0,0,0,0,0,NaN,5,5,36
2018-12-17,4.5,4.5,4.5,4.5,100,0,0,0,0,Infinity,5,5,36
2018-12-14,5.5,5.5,5.5,5.5,0,22.222222222222232,22.222222222222232,22.222222222222232,22.222222222222232,-100,5,5,36
2018-12-13,5.5,5.5,5.5,5.5,0,0,0,0,0,NaN,5,5,36
2018-12-12,5.5,5.5,5.5,5.5,0,0,0,0,0,NaN,5,5,36
2018-12-11,5.5,5.5,5.5,5.5,0,0,0,0,0,NaN,5,5,36
2018-12-10,5.5,5.5,5.5,5.5,0,0,0,0,0,NaN,5,5,36
2018-12-07,5.5,5.5,5.5,5.5,0,0,0,0,0,NaN,5,5,36
2018-12-06,5.5,5.5,5.5,5.5,0,0,0,0,0,NaN,5,5,36
2018-12-05,5.5,5.5,5.5,5.5,0,0,0,0,0,NaN,5,5,36
2018-12-04,5.5,5.5,5.5,5.5,0,0,0,0,0,NaN,5,5,36
2018-12-03,5.5,5.5,5.5,5.5,0,0,0,0,0,NaN,5,5,36
2018-11-30,5.5,5.5,5.5,5.5,0,0,0,0,0,NaN,5,5,36
2018-11-29,5.5,5.5,5.5,5.5,0,0,0,0,0,NaN,5,5,36
2018-11-28,5.5,5.5,5.5,5.5,0,0,0,0,0,NaN,5,5,36
2018-11-27,5.5,5.5,5.5,5.5,0,0,0,0,0,NaN,5,5,36
2018-11-26,5.5,5.5,5.5,5.5,0,0,0,0,0,NaN,5,5,36
2018-11-23,5.5,5.5,5.5,5.5,0,0,0,0,0,NaN,5,5,36
2018-11-22,5.5,5.5,5.5,5.5,0,0,0,0,0,NaN,5,5,36
2018-11-21,5.5,5.5,5.5,5.5,0,0,0,0,0,NaN,5,5,36
2018-11-20,5.5,5.5,5.5,5.5,0,0,0,0,0,NaN,5,5,36
2018-11-19,5.5,5.5,5.5,5.5,0,0,0,0,0,NaN,5,5,36
2018-11-16,5.5,5.5,5.5,5.5,0,0,0,0,0,NaN,5,5,36
2018-11-15,5.5,5.5,5.5,5.5,0,0,0,0,0,NaN,5,5,36
2018-11-14,5.5,5.5,5.5,5.5,0,0,0,0,0,NaN,5,5,36
2018-11-13,5.5,5.5,5.5,5.5,0,0,0,0,0,NaN,5,5,36
2018-11-12,5.5,5.5,5.5,5.5,0,0,0,0,0,NaN,5,5,36
2018-11-09,5.5,5.5,5.5,5.5,0,0,0,0,0,NaN,5,5,36
2018-11-08,5.5,5.5,5.5,5.5,0,0,0,0,0,NaN,5,5,36
2018-11-07,5.5,5.5,5.5,5.5,0,0,0,0,0,NaN,5,5,36
2018-11-06,5.5,5.5,5.5,5.5,0,0,0,0,0,NaN,5,5,36
2018-11-05,5.5,5.5,5.5,5.5,0,0,0,0,0,NaN,5,5,36
2018-11-02,5.5,5.5,5.5,5.5,0,0,0,0,0,NaN,5,5,36
2018-11-02,5.5,5.5,5.5,5.5,0,0,0,0,0,NaN,5,5,36
2018-11-01,5.5,5.5,5.5,5.5,0,0,0,0,0,NaN,5,5,36
2018-10-31,5.5,5.5,5.5,5.5,0,0,0,0,0,NaN,5,5,36
2018-10-30,5.5,5.5,5.5,5.5,0,0,0,0,0,NaN,5,5,36
2018-10-29,5.5,5.5,5.5,5.5,0,0,0,0,0,NaN,5,5,36
2018-10-26,5.5,5.5,5.5,5.5,0,0,0,0,0,NaN,5,5,36
2018-10-25,5.5,5.5,5.5,5.5,0,0,0,0,0,NaN,5,5,36
2018-10-24,5.5,5.5,5.5,5.5,689,0,0,0,0,Infinity,5,5,36
2018-10-23,5.5,5.5,5.5,5.5,0,0,0,0,0,-100,5,5,36
2018-10-22,5.5,5.5,5.5,5.5,0,0,0,0,0,NaN,5,5,36
2018-10-19,5.5,5.5,5.5,5.5,0,0,0,0,0,NaN,5,5,36
2018-10-18,5.5,5.5,5.5,5.5,0,0,0,0,0,NaN,5,5,36
2018-10-17,5.5,5.5,5.5,5.5,0,0,0,0,0,NaN,5,5,36
2018-10-16,5.5,5.5,5.5,5.5,0,0,0,0,0,NaN,5,5,36
2018-10-15,5.5,5.5,5.5,5.5,0,0,0,0,0,NaN,5,5,36
2018-10-12,5.5,5.5,5.5,5.5,0,0,0,0,0,NaN,5,5,36
2018-10-11,5.5,5.5,5.5,5.5,0,0,0,0,0,NaN,5,5,36
2018-10-10,5.5,5.5,5.5,5.5,1,0,0,0,0,Infinity,5,5,36
2018-10-09,5.8,5.8,5.8,5.8,0,5.454545454545445,5.454545454545445,5.454545454545445,5.454545454545445,-100,5,5,36
2018-10-08,5.8,5.8,5.8,5.8,0,0,0,0,0,NaN,5,5,36
2018-10-05,5.8,5.8,5.8,5.8,0,0,0,0,0,NaN,5,5,36
2018-10-04,5.8,5.8,5.8,5.8,0,0,0,0,0,NaN,5,5,36
2018-10-03,5.8,5.8,5.8,5.8,0,0,0,0,0,NaN,5,5,36
2018-10-02,5.8,5.8,5.8,5.8,0,0,0,0,0,NaN,5,5,36
2018-10-01,5.8,5.8,5.8,5.8,0,0,0,0,0,NaN,5,5,36
2018-09-28,5.8,5.8,5.8,5.8,0,0,0,0,0,NaN,5,5,36
2018-09-27,5.8,5.8,5.8,5.8,0,0,0,0,0,NaN,5,5,36
2018-09-26,5.8,5.8,5.8,5.8,0,0,0,0,0,NaN,5,5,36
2018-09-25,5.8,5.8,5.8,5.8,0,0,0,0,0,NaN,5,5,36
2018-09-24,5.8,5.8,5.8,5.8,0,0,0,0,0,NaN,5,5,36
2018-09-21,5.8,5.8,5.8,5.8,0,0,0,0,0,NaN,5,5,36
2018-09-20,5.8,5.8,5.8,5.8,0,0,0,0,0,NaN,5,5,36
2018-09-19,5.8,5.8,5.8,5.8,0,0,0,0,0,NaN,5,5,36
2018-09-18,5.8,5.8,5.8,5.8,0,0,0,0,0,NaN,5,5,36
2018-09-17,5.8,5.8,5.8,5.8,0,0,0,0,0,NaN,5,5,36
2018-09-14,5.8,5.8,5.8,5.8,0,0,0,0,0,NaN,5,5,36
2018-09-13,5.8,5.8,5.8,5.8,0,0,0,0,0,NaN,5,5,36
2018-09-12,5.8,5.8,5.8,5.8,0,0,0,0,0,NaN,5,5,36
2018-09-11,5.8,5.8,5.8,5.8,0,0,0,0,0,NaN,5,5,36
2018-09-10,5.8,5.8,5.8,5.8,0,0,0,0,0,NaN,5,5,36
2018-09-07,5.8,5.8,5.8,5.8,0,0,0,0,0,NaN,5,5,36
2018-09-06,5.8,5.8,5.8,5.8,0,0,0,0,0,NaN,5,5,36
2018-09-05,5.8,5.8,5.8,5.8,0,0,0,0,0,NaN,5,5,36
2018-09-04,5.8,5.8,5.8,5.8,0,0,0,0,0,NaN,5,5,36
2018-09-03,5.8,5.8,5.8,5.8,0,0,0,0,0,NaN,5,5,36
2018-08-31,5.8,5.8,5.8,5.8,0,0,0,0,0,NaN,5,5,36
2018-08-30,5.8,5.75,5.8,5.75,2071,0,-0.8620689655172376,0,-0.8620689655172376,Infinity,5,5,36
2018-08-29,5,5,5,5,0,-13.793103448275856,-13.043478260869568,-13.793103448275856,-13.043478260869568,-100,5,5,36
2018-08-28,5,4.46,5,4.46,2470,0,-10.799999999999999,0,-10.799999999999999,Infinity,5,5,36
2018-08-27,5,5,5,5,0,0,12.107623318385642,0,12.107623318385642,-100,5,5,36
2018-08-24,5,5,5,5,9,0,0,0,0,Infinity,5,5,36
2018-08-23,5,5,5,5,0,0,0,0,0,-100,5,5,36
2018-08-22,5,5,5,5,0,0,0,0,0,NaN,5,5,36
2018-08-21,5,5,5,5,0,0,0,0,0,NaN,5,5,36
2018-08-20,5,4.7,5,4.7,1109,0,-5.999999999999995,0,-5.999999999999995,Infinity,5,5,36
2018-08-17,4.4,4.4,4.4,4.4,0,-11.99999999999999,-6.382978723404253,-11.99999999999999,-6.382978723404253,-100,5,5,36
2018-08-16,4.4,4.4,4.4,4.4,0,0,0,0,0,NaN,5,5,36
2018-08-15,4.4,4.4,4.4,4.4,0,0,0,0,0,NaN,5,5,36
2018-08-14,4.4,4.4,4.4,4.4,0,0,0,0,0,NaN,5,5,36
2018-08-13,4.4,4.4,4.4,4.4,0,0,0,0,0,NaN,5,5,36
2018-08-10,4.4,4.4,4.4,4.4,0,0,0,0,0,NaN,5,5,36
2018-08-09,4.4,4.4,4.4,4.4,0,0,0,0,0,NaN,5,5,36
2018-08-08,4.4,4.4,4.4,4.4,0,0,0,0,0,NaN,5,5,36
2018-08-07,4.4,4.4,4.4,4.4,0,0,0,0,0,NaN,5,5,36
2018-08-06,4.4,4.4,4.4,4.4,0,0,0,0,0,NaN,5,5,36
2018-08-03,4.4,4.4,4.4,4.4,0,0,0,0,0,NaN,5,5,36
2018-08-02,4.4,4.4,4.4,4.4,0,0,0,0,0,NaN,5,5,36
2018-08-01,4.4,4.4,4.4,4.4,0,0,0,0,0,NaN,5,5,36
2018-07-31,4.4,4.4,4.4,4.4,0,0,0,0,0,NaN,5,5,36
2018-07-30,4.4,4.4,4.4,4.4,0,0,0,0,0,NaN,5,5,36
2018-07-27,4.4,4.4,4.4,4.4,92,0,0,0,0,Infinity,5,5,36
2018-07-26,4.74,4.74,4.74,4.74,0,7.727272727272716,7.727272727272716,7.727272727272716,7.727272727272716,-100,5,5,36
2018-07-25,4.74,4.74,4.74,4.74,0,0,0,0,0,NaN,5,5,36
2018-07-24,4.74,4.74,4.74,4.74,0,0,0,0,0,NaN,5,5,36
2018-07-23,4.74,4.74,4.74,4.74,0,0,0,0,0,NaN,5,5,36
2018-07-20,4.74,4.74,4.74,4.74,0,0,0,0,0,NaN,5,5,36
2018-07-19,4.74,4.74,4.74,4.74,0,0,0,0,0,NaN,5,5,36
2018-07-18,4.74,4.74,4.74,4.74,0,0,0,0,0,NaN,5,5,36
2018-07-17,4.74,4.74,4.74,4.74,0,0,0,0,0,NaN,5,5,36
2018-07-16,4.74,4.74,4.74,4.74,0,0,0,0,0,NaN,5,5,36
2018-07-13,4.74,4.74,4.74,4.74,0,0,0,0,0,NaN,5,5,36
2018-07-12,4.74,4.74,4.74,4.74,0,0,0,0,0,NaN,5,5,36
2018-07-11,4.74,4.74,4.74,4.74,0,0,0,0,0,NaN,5,5,36
2018-07-10,4.74,4.74,4.74,4.74,0,0,0,0,0,NaN,5,5,36
2018-07-09,4.74,4.74,4.74,4.74,0,0,0,0,0,NaN,5,5,36
2018-07-06,4.74,4.74,4.74,4.74,0,0,0,0,0,NaN,5,5,36
2018-07-05,4.74,4.74,4.74,4.74,0,0,0,0,0,NaN,5,5,36
2018-07-04,4.74,4.74,4.74,4.74,0,0,0,0,0,NaN,5,5,36
2018-07-03,4.74,4.74,4.74,4.74,0,0,0,0,0,NaN,5,5,36
2018-07-02,4.74,4.74,4.74,4.74,0,0,0,0,0,NaN,5,5,36
2018-06-29,4.74,4.74,4.74,4.74,0,0,0,0,0,NaN,5,5,36
2018-06-28,4.74,4.74,4.74,4.74,0,0,0,0,0,NaN,5,5,36
2018-06-27,4.74,4.74,4.74,4.74,0,0,0,0,0,NaN,5,5,36
2018-06-26,4.74,4.74,4.74,4.74,0,0,0,0,0,NaN,5,5,36
2018-06-25,4.74,4.74,4.74,4.74,0,0,0,0,0,NaN,5,5,36
2018-06-21,4.74,4.74,4.74,4.74,0,0,0,0,0,NaN,5,5,36
2018-06-20,4.74,4.74,4.74,4.74,0,0,0,0,0,NaN,5,5,36
2018-06-19,4.74,4.74,4.74,4.74,0,0,0,0,0,NaN,5,5,36
2018-06-18,4.74,4.74,4.74,4.74,0,0,0,0,0,NaN,5,5,36
2018-06-15,4.74,4.74,4.74,4.74,0,0,0,0,0,NaN,5,5,36
2018-06-14,4.74,4.74,4.74,4.74,0,0,0,0,0,NaN,5,5,36
2018-06-13,4.74,4.74,4.74,4.74,0,0,0,0,0,NaN,5,5,36
2018-06-12,4.74,4.74,4.74,4.74,0,0,0,0,0,NaN,5,5,36
2018-06-11,4.74,4.74,4.74,4.74,0,0,0,0,0,NaN,5,5,36
2018-06-08,4.74,4.74,4.74,4.74,0,0,0,0,0,NaN,5,5,36
2018-06-07,4.74,4.74,4.74,4.74,0,0,0,0,0,NaN,5,5,36
2018-06-05,4.74,4.74,4.74,4.74,0,0,0,0,0,NaN,5,5,36
2018-06-04,4.74,4.74,4.74,4.74,0,0,0,0,0,NaN,5,5,36
2018-06-01,4.74,4.74,4.74,4.74,0,0,0,0,0,NaN,5,5,36
2018-05-31,4.74,4.74,4.74,4.74,0,0,0,0,0,NaN,5,5,36
2018-05-30,4.74,4.74,4.74,4.74,0,0,0,0,0,NaN,5,5,36
2018-05-29,4.74,4.74,4.74,4.74,60,0,0,0,0,Infinity,5,5,36
2018-05-28,5.05,5.05,5.05,5.05,0,6.540084388185652,6.540084388185652,6.540084388185652,6.540084388185652,-100,5,5,36
2018-05-25,5.05,5.05,5.05,5.05,1200,0,0,0,0,Infinity,5,5,36
2018-05-24,5,4.96,4.96,5,5160,-0.990099009900991,-1.7821782178217838,-1.7821782178217838,-0.990099009900991,330,5,5,36
2018-05-23,4.24,4.24,4.24,4.24,0,-15.199999999999992,-14.516129032258062,-14.516129032258062,-15.199999999999992,-100,5,5,36
2018-05-22,4.24,4.24,4.24,4.24,0,0,0,0,0,NaN,5,5,36
2018-05-21,4.24,4.24,4.24,4.24,0,0,0,0,0,NaN,5,5,36
2018-05-18,4.24,4.24,4.24,4.24,0,0,0,0,0,NaN,5,5,36
2018-05-17,4.24,4.24,4.24,4.24,0,0,0,0,0,NaN,5,5,36
2018-05-16,4.24,4.24,4.24,4.24,0,0,0,0,0,NaN,5,5,36
2018-05-15,4.24,4.24,4.24,4.24,0,0,0,0,0,NaN,5,5,36
2018-05-14,4.24,4.24,4.24,4.24,0,0,0,0,0,NaN,5,5,36
2018-05-11,4.24,4.24,4.24,4.24,0,0,0,0,0,NaN,5,5,36
2018-05-09,4.24,4.24,4.24,4.24,4,0,0,0,0,Infinity,5,5,36
2018-05-08,5.45,5.45,5.45,5.45,0,28.53773584905661,28.53773584905661,28.53773584905661,28.53773584905661,-100,5,5,36
2018-05-07,5.45,5.45,5.45,5.45,0,0,0,0,0,NaN,5,5,36
2018-05-04,5.45,5.45,5.45,5.45,0,0,0,0,0,NaN,5,5,36
2018-05-03,5.45,5.45,5.45,5.45,0,0,0,0,0,NaN,5,5,36
2018-05-02,5.45,5.45,5.45,5.45,0,0,0,0,0,NaN,5,5,36
2018-04-30,5.5,5.5,5.5,5.5,0,0.917431192660545,0.917431192660545,0.917431192660545,0.917431192660545,NaN,5,5,36
2018-04-30,5.45,5.45,5.45,5.45,0,-0.9090909090909038,-0.9090909090909038,-0.9090909090909038,-0.9090909090909038,NaN,5,5,36
2018-04-27,5.45,5.45,5.45,5.45,0,0,0,0,0,NaN,5,5,36
2018-04-26,5.45,5.45,5.45,5.45,0,0,0,0,0,NaN,5,5,36
2018-04-25,5.45,5.45,5.45,5.45,0,0,0,0,0,NaN,5,5,36
2018-04-24,5.45,5.45,5.45,5.45,0,0,0,0,0,NaN,5,5,36
2018-04-23,5.45,5.45,5.45,5.45,0,0,0,0,0,NaN,5,5,36
2018-04-20,5.45,5.45,5.45,5.45,0,0,0,0,0,NaN,5,5,36
2018-04-19,5.45,5.45,5.45,5.45,0,0,0,0,0,NaN,5,5,36
2018-04-18,5.45,5.45,5.45,5.45,0,0,0,0,0,NaN,5,5,36
2018-04-17,5.45,5.45,5.45,5.45,0,0,0,0,0,NaN,5,5,36
2018-04-17,5.45,5.45,5.45,5.45,0,0,0,0,0,NaN,5,5,36
2018-04-16,5.45,5.45,5.45,5.45,0,0,0,0,0,NaN,5,5,36
2018-04-13,5.45,5.45,5.45,5.45,0,0,0,0,0,NaN,5,5,36
2018-04-12,5.45,5.45,5.45,5.45,0,0,0,0,0,NaN,5,5,36
2018-04-11,5.45,5.45,5.45,5.45,0,0,0,0,0,NaN,5,5,36
2018-04-10,5.45,5.45,5.45,5.45,0,0,0,0,0,NaN,5,5,36
2018-04-09,5.45,5.45,5.45,5.45,0,0,0,0,0,NaN,5,5,36
2018-04-06,5.45,5.45,5.45,5.45,0,0,0,0,0,NaN,5,5,36
2018-04-05,5.45,5.45,5.45,5.45,0,0,0,0,0,NaN,5,5,36
2018-04-04,5.45,5.45,5.45,5.45,0,0,0,0,0,NaN,5,5,36
2018-04-04,5.45,5.45,5.45,5.45,0,0,0,0,0,NaN,5,5,36
2018-04-03,5.45,5.45,5.45,5.45,0,0,0,0,0,NaN,5,5,36
2018-03-29,5.45,5.45,5.45,5.45,0,0,0,0,0,NaN,5,5,36
2018-03-29,5.45,5.45,5.45,5.45,0,0,0,0,0,NaN,5,5,36
2018-03-28,5.45,5.45,5.45,5.45,0,0,0,0,0,NaN,5,5,36
2018-03-28,5.45,5.45,5.45,5.45,0,0,0,0,0,NaN,5,5,36
2018-03-27,5.45,5.45,5.45,5.45,0,0,0,0,0,NaN,5,5,36
2018-03-27,5.45,5.45,5.45,5.45,0,0,0,0,0,NaN,5,5,36
2018-03-26,5.45,5.45,5.45,5.45,0,0,0,0,0,NaN,5,5,36
2018-03-23,5.45,5.45,5.45,5.45,0,0,0,0,0,NaN,5,5,36
2018-03-22,5.45,5.45,5.45,5.45,0,0,0,0,0,NaN,5,5,36
2018-03-21,5.45,5.45,5.45,5.45,1000,0,0,0,0,Infinity,5,5,36
2018-03-20,4.94,4.94,4.94,4.94,0,-9.35779816513761,-9.35779816513761,-9.35779816513761,-9.35779816513761,-100,5,5,36
2018-03-19,4.94,4.94,4.94,4.94,0,0,0,0,0,NaN,5,5,36
2018-03-16,4.94,4.94,4.94,4.94,0,0,0,0,0,NaN,5,5,36
2018-03-15,4.94,4.94,4.94,4.94,0,0,0,0,0,NaN,5,5,36
2018-03-14,4.94,4.94,4.94,4.94,0,0,0,0,0,NaN,5,5,36
2018-03-13,4.94,4.94,4.94,4.94,0,0,0,0,0,NaN,5,5,36
2018-03-12,4.94,4.94,4.94,4.94,0,0,0,0,0,NaN,5,5,36
2018-03-09,4.94,4.94,4.94,4.94,0,0,0,0,0,NaN,5,5,36
2018-03-08,4.94,4.94,4.94,4.94,0,0,0,0,0,NaN,5,5,36
2018-03-07,4.94,4.94,4.94,4.94,0,0,0,0,0,NaN,5,5,36
2018-03-06,4.94,4.94,4.94,4.94,0,0,0,0,0,NaN,5,5,36
2018-03-05,4.94,4.94,4.94,4.94,0,0,0,0,0,NaN,5,5,36
2018-03-02,4.94,4.94,4.94,4.94,0,0,0,0,0,NaN,5,5,36
2018-03-01,4.94,4.94,4.94,4.94,0,0,0,0,0,NaN,5,5,36
2018-02-28,4.94,4.94,4.94,4.94,0,0,0,0,0,NaN,5,5,36
2018-02-27,4.94,4.94,4.94,4.94,0,0,0,0,0,NaN,5,5,36
2018-02-26,4.94,4.94,4.94,4.94,0,0,0,0,0,NaN,5,5,36
2018-02-23,4.94,4.94,4.94,4.94,0,0,0,0,0,NaN,5,5,36
2018-02-22,4.94,4.94,4.94,4.94,0,0,0,0,0,NaN,5,5,36
2018-02-21,4.94,4.94,4.94,4.94,0,0,0,0,0,NaN,5,5,36
2018-02-20,4.94,4.94,4.94,4.94,0,0,0,0,0,NaN,5,5,36
2018-02-19,4.94,4.94,4.94,4.94,0,0,0,0,0,NaN,5,5,36
2018-02-16,4.94,4.94,4.94,4.94,200,0,0,0,0,Infinity,5,5,36
2018-02-15,5.25,5.25,5.25,5.25,0,6.275303643724683,6.275303643724683,6.275303643724683,6.275303643724683,-100,5,5,36
2018-02-14,5.25,5.2,5.25,5.2,975,0,-0.952380952380949,0,-0.952380952380949,Infinity,5,5,36
2018-02-13,5.35,5.35,5.35,5.35,0,1.904761904761898,2.8846153846153744,1.904761904761898,2.8846153846153744,-100,5,5,36
2018-02-12,5.35,5.35,5.35,5.35,10,0,0,0,0,Infinity,5,5,36
2018-02-09,5.2,5.2,5.2,5.2,0,-2.8037383177569986,-2.8037383177569986,-2.8037383177569986,-2.8037383177569986,-100,5,5,36
2018-02-08,5.2,5.2,5.2,5.2,0,0,0,0,0,NaN,5,5,36
2018-02-07,5.2,5.2,5.2,5.2,0,0,0,0,0,NaN,5,5,36
2018-02-06,5.2,5.2,5.2,5.2,0,0,0,0,0,NaN,5,5,36
2018-02-05,5.25,5.2,5.2,5.25,483,0.9615384615384581,0,0,0.9615384615384581,Infinity,5,5,36
2018-02-02,5.35,5.35,5.35,5.35,915,1.904761904761898,2.8846153846153744,2.8846153846153744,1.904761904761898,89.44099378881987,5,5,36
2018-02-01,5.8,5.8,5.8,5.8,0,8.41121495327104,8.41121495327104,8.41121495327104,8.41121495327104,-100,5,5,36
2018-01-31,5.8,5.8,5.8,5.8,0,0,0,0,0,NaN,5,5,36
2018-01-30,5.8,5.8,5.8,5.8,0,0,0,0,0,NaN,5,5,36
2018-01-29,5.8,5.8,5.8,5.8,0,0,0,0,0,NaN,5,5,36
2018-01-26,5.8,5.8,5.8,5.8,0,0,0,0,0,NaN,5,5,36
2018-01-25,5.8,5.8,5.8,5.8,0,0,0,0,0,NaN,5,5,36
2018-01-24,5.8,5.8,5.8,5.8,0,0,0,0,0,NaN,5,5,36
2018-01-23,5.8,5.8,5.8,5.8,0,0,0,0,0,NaN,5,5,36
2018-01-23,5.8,5.8,5.8,5.8,0,0,0,0,0,NaN,5,5,36
2018-01-22,5.8,5.8,5.8,5.8,0,0,0,0,0,NaN,5,5,36
2018-01-19,5.8,5.8,5.8,5.8,0,0,0,0,0,NaN,5,5,36
2018-01-18,5.8,5.8,5.8,5.8,0,0,0,0,0,NaN,5,5,36
2018-01-17,5.8,5.8,5.8,5.8,0,0,0,0,0,NaN,5,5,36
2018-01-16,5.8,5.8,5.8,5.8,0,0,0,0,0,NaN,5,5,36
2018-01-15,5.8,5.8,5.8,5.8,0,0,0,0,0,NaN,5,5,36
2018-01-12,5.8,5.8,5.8,5.8,0,0,0,0,0,NaN,5,5,36
2018-01-11,5.8,5.8,5.8,5.8,0,0,0,0,0,NaN,5,5,36
2018-01-10,5.8,5.8,5.8,5.8,0,0,0,0,0,NaN,5,5,36
2018-01-09,5.8,5.8,5.8,5.8,0,0,0,0,0,NaN,5,5,36
2018-01-08,5.8,5.8,5.8,5.8,0,0,0,0,0,NaN,5,5,36
2018-01-05,5.8,5.8,5.8,5.8,0,0,0,0,0,NaN,5,5,36
2018-01-04,5.8,5.8,5.8,5.8,0,0,0,0,0,NaN,5,5,36
2018-01-03,5.8,5.8,5.8,5.8,0,0,0,0,0,NaN,5,5,36
2018-01-02,5.8,5.8,5.8,5.8,0,0,0,0,0,NaN,5,5,36
2017-12-29,5.8,5.8,5.8,5.8,0,0,0,0,0,NaN,5,5,36
2017-12-28,5.8,5.8,5.8,5.8,0,0,0,0,0,NaN,5,5,36
2017-12-27,5.8,5.8,5.8,5.8,0,0,0,0,0,NaN,5,5,36
2017-12-22,5.8,5.8,5.8,5.8,0,0,0,0,0,NaN,5,5,36
2017-12-21,5.8,5.8,5.8,5.8,0,0,0,0,0,NaN,5,5,36
2017-12-20,5.8,5.8,5.8,5.8,9,0,0,0,0,Infinity,5,5,36
2017-12-19,6,6,6,6,0,3.4482758620689724,3.4482758620689724,3.4482758620689724,3.4482758620689724,-100,5,5,36
2017-12-18,6,6,6,6,3115,0,0,0,0,Infinity,5,5,36
2017-12-15,6.05,6.05,6.05,6.05,0,0.8333333333333304,0.8333333333333304,0.8333333333333304,0.8333333333333304,-100,5,5,36
2017-12-14,6.05,6.05,6.05,6.05,0,0,0,0,0,NaN,5,5,36
2017-12-13,5.5,5.5,5.5,5.5,0,-9.090909090909083,-9.090909090909083,-9.090909090909083,-9.090909090909083,NaN,5,5,36
2017-12-13,6.05,6.05,6.05,6.05,0,9.999999999999986,9.999999999999986,9.999999999999986,9.999999999999986,NaN,5,5,36
2017-12-12,6.05,6.05,6.05,6.05,2025,0,0,0,0,Infinity,5,5,36
2017-12-11,6.05,6.05,6.05,6.05,1230,0,0,0,0,-39.25925925925926,5,5,36
2017-12-08,6.5,6.5,6.5,6.5,0,7.438016528925617,7.438016528925617,7.438016528925617,7.438016528925617,-100,5,5,36
2017-12-07,6.5,6.5,6.5,6.5,0,0,0,0,0,NaN,5,5,36
2017-12-06,6.5,6.5,6.5,6.5,0,0,0,0,0,NaN,5,5,36
2017-12-05,6.5,6.5,6.5,6.5,0,0,0,0,0,NaN,5,5,36
2017-12-04,6.5,6.5,6.5,6.5,0,0,0,0,0,NaN,5,5,36
2017-12-01,6.5,6.5,6.5,6.5,0,0,0,0,0,NaN,5,5,36
2017-11-30,6.5,6.5,6.5,6.5,0,0,0,0,0,NaN,5,5,36
2017-11-29,6.5,5.85,6.5,5.85,219,0,-10.000000000000009,0,-10.000000000000009,Infinity,5,5,36
2017-11-28,6.05,6.05,6.05,6.05,0,-6.923076923076921,3.418803418803429,-6.923076923076921,3.418803418803429,-100,5,5,36
2017-11-27,6.05,6.05,6.05,6.05,0,0,0,0,0,NaN,5,5,36
2017-11-24,6.05,6.05,6.05,6.05,0,0,0,0,0,NaN,5,5,36
2017-11-23,6.05,6.05,6.05,6.05,0,0,0,0,0,NaN,5,5,36
2017-11-22,6.05,6.05,6.05,6.05,0,0,0,0,0,NaN,5,5,36
2017-11-21,6.05,6.05,6.05,6.05,0,0,0,0,0,NaN,5,5,36
2017-11-20,6.05,6.05,6.05,6.05,0,0,0,0,0,NaN,5,5,36
2017-11-17,6.05,6.05,6.05,6.05,0,0,0,0,0,NaN,5,5,36
2017-11-16,6.05,6.05,6.05,6.05,0,0,0,0,0,NaN,5,5,36
2017-11-15,6.05,6.05,6.05,6.05,0,0,0,0,0,NaN,5,5,36
2017-11-14,6.05,6.05,6.05,6.05,0,0,0,0,0,NaN,5,5,36
2017-11-13,6.05,6.05,6.05,6.05,0,0,0,0,0,NaN,5,5,36
2017-11-10,6.05,6.05,6.05,6.05,593,0,0,0,0,Infinity,5,5,36
2017-11-09,6.25,6.25,6.25,6.25,0,3.3057851239669533,3.3057851239669533,3.3057851239669533,3.3057851239669533,-100,5,5,36
2017-11-08,6.25,6.25,6.25,6.25,0,0,0,0,0,NaN,5,5,36
2017-11-07,6.25,6.25,6.25,6.25,0,0,0,0,0,NaN,5,5,36
2017-11-06,6.25,6.25,6.25,6.25,0,0,0,0,0,NaN,5,5,36
2017-11-03,6.25,6.25,6.25,6.25,0,0,0,0,0,NaN,5,5,36
2017-11-02,6.25,6.25,6.25,6.25,0,0,0,0,0,NaN,5,5,36
2017-11-01,6.25,6.25,6.25,6.25,0,0,0,0,0,NaN,5,5,36
2017-10-31,6.25,6.25,6.25,6.25,0,0,0,0,0,NaN,5,5,36
2017-10-30,6.25,6.25,6.25,6.25,0,0,0,0,0,NaN,5,5,36
2017-10-27,6.25,6.25,6.25,6.25,0,0,0,0,0,NaN,5,5,36
2017-10-26,6.25,6.25,6.25,6.25,0,0,0,0,0,NaN,5,5,36
2017-10-25,6.25,6.25,6.25,6.25,0,0,0,0,0,NaN,5,5,36
2017-10-24,6.25,6.25,6.25,6.25,0,0,0,0,0,NaN,5,5,36
2017-10-23,6.25,6.25,6.25,6.25,0,0,0,0,0,NaN,5,5,36
2017-10-20,6.25,6.25,6.25,6.25,0,0,0,0,0,NaN,5,5,36
2017-10-19,6.25,6.25,6.25,6.25,0,0,0,0,0,NaN,5,5,36
2017-10-18,6.25,6.25,6.25,6.25,0,0,0,0,0,NaN,5,5,36
2017-10-17,6.25,6.25,6.25,6.25,0,0,0,0,0,NaN,5,5,36
2017-10-16,6.25,6.25,6.25,6.25,0,0,0,0,0,NaN,5,5,36
2017-10-13,6.25,6.25,6.25,6.25,0,0,0,0,0,NaN,5,5,36
2017-10-12,6.25,6.25,6.25,6.25,0,0,0,0,0,NaN,5,5,36
2017-10-11,6.25,6.25,6.25,6.25,0,0,0,0,0,NaN,5,5,36
2017-10-10,6.25,6.25,6.25,6.25,0,0,0,0,0,NaN,5,5,36
2017-10-09,6.25,6.25,6.25,6.25,0,0,0,0,0,NaN,5,5,36
2017-10-06,6.45,6.25,6.25,6.45,543,3.200000000000003,0,0,3.200000000000003,Infinity,5,5,36
2017-10-05,6.55,6.55,6.55,6.55,100,1.5503875968992276,4.800000000000004,4.800000000000004,1.5503875968992276,-81.58379373848987,5,5,36
2017-10-04,7,6.5,6.6,6.5,2500,6.870229007633588,-0.7633587786259555,0.7633587786259444,-0.7633587786259555,2400,5,5,36
2017-10-03,6.3,6.3,6.3,6.3,0,-9.999999999999998,-3.076923076923077,-4.545454545454541,-3.076923076923077,-100,5,5,36
2017-10-02,6.3,6.3,6.3,6.3,0,0,0,0,0,NaN,5,5,36
2017-09-29,6.3,6.3,6.3,6.3,0,0,0,0,0,NaN,5,5,36
2017-09-28,6.3,6.3,6.3,6.3,300,0,0,0,0,Infinity,5,5,36
2017-09-27,7.45,7.45,7.45,7.45,0,18.253968253968257,18.253968253968257,18.253968253968257,18.253968253968257,-100,5,5,36
2017-09-26,7.45,7.4,7.45,7.45,3187,0,-0.6711409395973145,0,0,Infinity,5,5,36
2017-09-25,7,7,7,7,2000,-6.040268456375841,-5.405405405405405,-6.040268456375841,-6.040268456375841,-37.2450580483213,5,5,36
2017-09-22,6.1,6.1,6.1,6.1,500,-12.857142857142867,-12.857142857142867,-12.857142857142867,-12.857142857142867,-75,5,5,36
2017-09-21,7.25,7.25,7.25,7.25,0,18.852459016393453,18.852459016393453,18.852459016393453,18.852459016393453,-100,5,5,36
2017-09-20,7.25,7.25,7.25,7.25,0,0,0,0,0,NaN,5,5,36
2017-09-19,7.25,7.25,7.25,7.25,0,0,0,0,0,NaN,5,5,36
2017-09-18,7.25,7.25,7.25,7.25,0,0,0,0,0,NaN,5,5,36
2017-09-15,7.25,7.25,7.25,7.25,1779,0,0,0,0,Infinity,5,5,36
2017-09-14,6.2,6.2,6.2,6.2,0,-14.482758620689651,-14.482758620689651,-14.482758620689651,-14.482758620689651,-100,5,5,36
2017-09-13,6.2,6.2,6.2,6.2,0,0,0,0,0,NaN,5,5,36
2017-09-12,6.2,6.2,6.2,6.2,145,0,0,0,0,Infinity,5,5,36
2017-09-11,6.5,6.5,6.5,6.5,0,4.8387096774193505,4.8387096774193505,4.8387096774193505,4.8387096774193505,-100,5,5,36
2017-09-08,6.5,6.45,6.5,6.45,1634,0,-0.7692307692307665,0,-0.7692307692307665,Infinity,5,5,36
2017-09-07,6.35,5.5,6.35,5.95,2600,-2.3076923076923106,-14.72868217054264,-2.3076923076923106,-7.751937984496127,59.118727050183594,5,5,36
2017-09-06,6.5,6.5,6.5,6.5,0,2.3622047244094446,18.181818181818187,2.3622047244094446,9.243697478991585,-100,5,5,36
2017-09-05,6.5,6.5,6.5,6.5,0,0,0,0,0,NaN,5,5,36
2017-09-04,6.5,6.5,6.5,6.5,0,0,0,0,0,NaN,5,5,36
2017-09-01,6.5,6.5,6.5,6.5,0,0,0,0,0,NaN,5,5,36
2017-08-31,6.5,6.5,6.5,6.5,1601,0,0,0,0,Infinity,5,5,36
2017-08-30,6.5,6.5,6.5,6.5,0,0,0,0,0,-100,5,5,36
2017-08-29,6.5,6.5,6.5,6.5,0,0,0,0,0,NaN,5,5,36
2017-08-28,6.5,6.5,6.5,6.5,0,0,0,0,0,NaN,5,5,36
2017-08-25,6.5,6.45,6.5,6.45,7034,0,-0.7692307692307665,0,-0.7692307692307665,Infinity,5,5,36
2017-08-24,6,6,6,6,0,-7.692307692307687,-6.976744186046513,-7.692307692307687,-6.976744186046513,-100,5,5,36
2017-08-23,6,6,6,6,0,0,0,0,0,NaN,5,5,36
2017-08-22,6,6,6,6,0,0,0,0,0,NaN,5,5,36
2017-08-21,6,6,6,6,2336,0,0,0,0,Infinity,5,5,36
2017-08-18,5.8,5.8,5.8,5.8,0,-3.3333333333333326,-3.3333333333333326,-3.3333333333333326,-3.3333333333333326,-100,5,5,36
2017-08-17,5.8,5.8,5.8,5.8,0,0,0,0,0,NaN,5,5,36
2017-08-16,5.8,5.8,5.8,5.8,2350,0,0,0,0,Infinity,5,5,36
2017-08-15,5.7,5.65,5.7,5.65,1378,-1.724137931034475,-2.5862068965517127,-1.724137931034475,-2.5862068965517127,-41.36170212765957,5,5,36
2017-08-14,6.25,6.25,6.25,6.25,0,9.64912280701753,10.619469026548668,9.64912280701753,10.619469026548668,-100,5,5,36
2017-08-11,6.25,6.25,6.25,6.25,0,0,0,0,0,NaN,5,5,36
2017-08-10,8.3,5.45,6.25,8.3,1958,32.800000000000004,-12.8,0,32.800000000000004,Infinity,5,5,36
2017-08-09,6.5,6.5,6.5,6.5,0,-21.68674698795181,19.266055045871553,4.0000000000000036,-21.68674698795181,-100,5,5,36
2017-08-08,6.5,6.5,6.5,6.5,2000,0,0,0,0,Infinity,5,5,36
2017-08-07,6,6,6,6,0,-7.692307692307687,-7.692307692307687,-7.692307692307687,-7.692307692307687,-100,5,5,36
2017-08-04,6,6,6,6,0,0,0,0,0,NaN,5,5,36
2017-08-03,6,6,6,6,0,0,0,0,0,NaN,5,5,36
2017-08-02,6,6,6,6,0,0,0,0,0,NaN,5,5,36
2017-08-01,6,6,6,6,0,0,0,0,0,NaN,5,5,36
2017-07-31,6,6,6,6,0,0,0,0,0,NaN,5,5,36
2017-07-28,6,6,6,6,0,0,0,0,0,NaN,5,5,36
2017-07-27,6,6,6,6,0,0,0,0,0,NaN,5,5,36
2017-07-26,6,6,6,6,0,0,0,0,0,NaN,5,5,36
2017-07-25,6,6,6,6,0,0,0,0,0,NaN,5,5,36
2017-07-24,6,6,6,6,0,0,0,0,0,NaN,5,5,36
2017-07-21,6,6,6,6,0,0,0,0,0,NaN,5,5,36
2017-07-20,6,6,6,6,0,0,0,0,0,NaN,5,5,36
2017-07-19,6,6,6,6,0,0,0,0,0,NaN,5,5,36
2017-07-18,6,6,6,6,0,0,0,0,0,NaN,5,5,36
2017-07-17,6,6,6,6,0,0,0,0,0,NaN,5,5,36
2017-07-14,6,6,6,6,0,0,0,0,0,NaN,5,5,36
2017-07-13,6,6,6,6,0,0,0,0,0,NaN,5,5,36
2017-07-12,6,6,6,6,0,0,0,0,0,NaN,5,5,36
2017-07-11,6,6,6,6,0,0,0,0,0,NaN,5,5,36
2017-07-10,6,6,6,6,0,0,0,0,0,NaN,5,5,36
2017-07-07,6,6,6,6,0,0,0,0,0,NaN,5,5,36
2017-07-06,6,6,6,6,0,0,0,0,0,NaN,5,5,36
2017-07-05,6,6,6,6,0,0,0,0,0,NaN,5,5,36
2017-07-04,6,6,6,6,0,0,0,0,0,NaN,5,5,36
2017-07-03,6,6,6,6,0,0,0,0,0,NaN,5,5,36
2017-06-30,6.15,6,6,6.15,7950,2.5000000000000133,0,0,2.5000000000000133,Infinity,5,5,36
2017-06-29,5.6,5.6,5.6,5.6,0,-8.943089430894325,-6.666666666666677,-6.666666666666677,-8.943089430894325,-100,5,5,36
2017-06-28,5.6,5.6,5.6,5.6,0,0,0,0,0,NaN,5,5,36
2017-06-27,5.6,5.6,5.6,5.6,0,0,0,0,0,NaN,5,5,36
2017-06-26,5.6,5.6,5.6,5.6,0,0,0,0,0,NaN,5,5,36
2017-06-23,5.6,5.6,5.6,5.6,0,0,0,0,0,NaN,5,5,36
2017-06-22,5.6,5.6,5.6,5.6,0,0,0,0,0,NaN,5,5,36
2017-06-21,5.6,5.6,5.6,5.6,0,0,0,0,0,NaN,5,5,36
2017-06-20,5.6,5.6,5.6,5.6,0,0,0,0,0,NaN,5,5,36
2017-06-19,5.6,5.6,5.6,5.6,0,0,0,0,0,NaN,5,5,36
2017-06-16,5.6,5.6,5.6,5.6,0,0,0,0,0,NaN,5,5,36
2017-06-15,5.6,5.6,5.6,5.6,145,0,0,0,0,Infinity,5,5,36
2017-06-14,7.8,7.8,7.8,7.8,0,39.2857142857143,39.2857142857143,39.2857142857143,39.2857142857143,-100,5,5,36
2017-06-13,7.8,7.8,7.8,7.8,0,0,0,0,0,NaN,5,5,36
2017-06-12,7.8,7.8,7.8,7.8,0,0,0,0,0,NaN,5,5,36
2017-06-09,7.8,7.8,7.8,7.8,0,0,0,0,0,NaN,5,5,36
2017-06-08,7.8,7.8,7.8,7.8,0,0,0,0,0,NaN,5,5,36
2017-06-07,7.8,7.8,7.8,7.8,0,0,0,0,0,NaN,5,5,36
2017-06-06,7.8,7.8,7.8,7.8,0,0,0,0,0,NaN,5,5,36
2017-06-05,7.8,7.8,7.8,7.8,0,0,0,0,0,NaN,5,5,36
2017-06-02,7.8,7.8,7.8,7.8,0,0,0,0,0,NaN,5,5,36
2017-06-01,7.8,7.8,7.8,7.8,1476,0,0,0,0,Infinity,5,5,36
2017-05-31,7.95,7.95,7.95,7.95,0,1.9230769230769384,1.9230769230769384,1.9230769230769384,1.9230769230769384,-100,5,5,36
2017-05-30,7.95,7.8,7.95,7.8,1217,0,-1.8867924528301883,0,-1.8867924528301883,Infinity,5,5,36
2017-05-29,7.8,7.8,7.8,7.8,0,-1.8867924528301883,0,-1.8867924528301883,0,-100,5,5,36
2017-05-26,7.8,7,7.8,7,185,0,-10.256410256410254,0,-10.256410256410254,Infinity,5,5,36
2017-05-24,7.8,7.8,7.8,7.8,0,0,11.428571428571432,0,11.428571428571432,-100,5,5,36
2017-05-23,7.8,7.8,7.8,7.8,100,0,0,0,0,Infinity,5,5,36
2017-05-22,7.8,7.8,7.8,7.8,0,0,0,0,0,-100,5,5,36
2017-05-19,7.8,7.8,7.8,7.8,0,0,0,0,0,NaN,5,5,36
2017-05-18,7.8,7.8,7.8,7.8,0,0,0,0,0,NaN,5,5,36
2017-05-17,7.8,7.8,7.8,7.8,0,0,0,0,0,NaN,5,5,36
2017-05-16,7.8,7.8,7.8,7.8,0,0,0,0,0,NaN,5,5,36
2017-05-15,7.8,7.8,7.8,7.8,0,0,0,0,0,NaN,5,5,36
2017-05-12,7.8,7.8,7.8,7.8,0,0,0,0,0,NaN,5,5,36
2017-05-11,7.8,5.95,7.8,5.95,1442,0,-23.717948717948712,0,-23.717948717948712,Infinity,5,5,36
2017-05-10,7.9,7.9,7.9,7.9,0,1.2820512820512997,32.773109243697476,1.2820512820512997,32.773109243697476,-100,5,5,36
2017-05-09,7.95,7.9,7.9,7.95,263,0.6329113924050667,0,0,0.6329113924050667,Infinity,5,5,36
2017-05-08,7.9,7.9,7.9,7.9,0,-0.6289308176100628,0,0,-0.6289308176100628,-100,5,5,36
2017-05-05,7.9,7.9,7.9,7.9,0,0,0,0,0,NaN,5,5,36
2017-05-04,7.9,7.9,7.9,7.9,0,0,0,0,0,NaN,5,5,36
2017-05-03,7.9,7.9,7.9,7.9,0,0,0,0,0,NaN,5,5,36
2017-05-02,7.9,7.9,7.9,7.9,0,0,0,0,0,NaN,5,5,36
2017-05-01,7.9,7.9,7.9,7.9,0,0,0,0,0,NaN,5,5,36
2017-04-28,7.9,7.9,7.9,7.9,0,0,0,0,0,NaN,5,5,36
2017-04-27,7.9,7.9,7.9,7.9,100,0,0,0,0,Infinity,5,5,36
2017-04-26,7.9,7.9,7.9,7.9,13,0,0,0,0,-87,5,5,36
2017-04-25,7.5,7.5,7.5,7.5,350,-5.063291139240511,-5.063291139240511,-5.063291139240511,-5.063291139240511,2592.3076923076924,5,5,36
2017-04-24,8,6.15,7.3,8,4437,6.666666666666665,-17.999999999999993,-2.6666666666666727,6.666666666666665,1167.7142857142858,5,5,36
2017-04-21,7.2,6.6,7.2,6.6,2204,-9.999999999999998,7.317073170731692,-1.3698630136986245,-17.500000000000004,-50.326797385620914,5,5,36
2017-04-20,6.05,6.05,6.05,6.05,850,-15.972222222222232,-8.333333333333325,-15.972222222222232,-8.333333333333325,-61.433756805807626,5,5,36
2017-04-19,6.9,6.9,6.9,6.9,0,14.049586776859524,14.049586776859524,14.049586776859524,14.049586776859524,-100,5,5,36
2017-04-18,6.9,6.9,6.9,6.9,0,0,0,0,0,NaN,5,5,36
2017-04-13,6.9,6.9,6.9,6.9,0,0,0,0,0,NaN,5,5,36
2017-04-12,6.9,6.9,6.9,6.9,0,0,0,0,0,NaN,5,5,36
2017-04-11,6.9,6.9,6.9,6.9,0,0,0,0,0,NaN,5,5,36
2017-04-10,8,6.9,6.9,8,150,15.94202898550725,0,0,15.94202898550725,Infinity,5,5,36
2017-04-07,8,8,8,8,0,0,15.94202898550725,15.94202898550725,0,-100,5,5,36
2017-04-06,8,8,8,8,0,0,0,0,0,NaN,5,5,36
2017-04-05,8,8,8,8,0,0,0,0,0,NaN,5,5,36
2017-04-04,8,8,8,8,0,0,0,0,0,NaN,5,5,36
2017-04-03,8,8,8,8,0,0,0,0,0,NaN,5,5,36
2017-03-31,8,8,8,8,0,0,0,0,0,NaN,5,5,36
2017-03-30,8,8,8,8,0,0,0,0,0,NaN,5,5,36
2017-03-29,8,8,8,8,0,0,0,0,0,NaN,5,5,36
2017-03-28,8,8,8,8,11,0,0,0,0,Infinity,5,5,36
2017-03-27,7.8,7.8,7.8,7.8,0,-2.500000000000002,-2.500000000000002,-2.500000000000002,-2.500000000000002,-100,5,5,36
2017-03-24,7.8,7.8,7.8,7.8,100,0,0,0,0,Infinity,5,5,36
2017-03-23,7.5,7.5,7.5,7.5,0,-3.8461538461538436,-3.8461538461538436,-3.8461538461538436,-3.8461538461538436,-100,5,5,36
2017-03-22,7.5,7.5,7.5,7.5,35000,0,0,0,0,Infinity,5,5,36
2017-03-21,7.15,7.15,7.15,7.15,500,-4.666666666666663,-4.666666666666663,-4.666666666666663,-4.666666666666663,-98.57142857142858,5,5,36
2017-03-20,7.15,7.15,7.15,7.15,8,0,0,0,0,-98.4,5,5,36
2017-03-17,7.15,7.15,7.15,7.15,260,0,0,0,0,3150,5,5,36
2017-03-16,7.45,7.45,7.45,7.45,0,4.195804195804187,4.195804195804187,4.195804195804187,4.195804195804187,-100,5,5,36
2017-03-15,7.45,7.45,7.45,7.45,0,0,0,0,0,NaN,5,5,36
2017-03-14,7.45,7.45,7.45,7.45,0,0,0,0,0,NaN,5,5,36
2017-03-13,7.45,7.45,7.45,7.45,0,0,0,0,0,NaN,5,5,36
2017-03-10,7.45,7.45,7.45,7.45,0,0,0,0,0,NaN,5,5,36
2017-03-09,7.45,7.45,7.45,7.45,10,0,0,0,0,Infinity,5,5,36
2017-03-08,7.45,7.45,7.45,7.45,0,0,0,0,0,-100,5,5,36
2017-03-07,7.45,7.45,7.45,7.45,0,0,0,0,0,NaN,5,5,36
2017-03-06,7.45,7.45,7.45,7.45,0,0,0,0,0,NaN,5,5,36
2017-03-03,7.45,7.45,7.45,7.45,0,0,0,0,0,NaN,5,5,36
2017-03-02,7.45,7.45,7.45,7.45,0,0,0,0,0,NaN,5,5,36
2017-03-01,7.45,7,7.45,7,521,0,-6.040268456375841,0,-6.040268456375841,Infinity,5,5,36
2017-02-28,7.35,7.35,7.35,7.35,0,-1.34228187919464,5.000000000000004,-1.34228187919464,5.000000000000004,-100,5,5,36
2017-02-27,7.85,7.35,7.35,7.85,917,6.802721088435382,0,0,6.802721088435382,Infinity,5,5,36
2017-02-24,7.85,7.85,7.85,7.85,0,0,6.802721088435382,6.802721088435382,0,-100,5,5,36
2017-02-23,7.85,7.85,7.85,7.85,0,0,0,0,0,NaN,5,5,36
2017-02-22,7.85,7.85,7.85,7.85,1724,0,0,0,0,Infinity,5,5,36
2017-02-21,7.3,7.3,7.3,7.3,0,-7.006369426751591,-7.006369426751591,-7.006369426751591,-7.006369426751591,-100,5,5,36
2017-02-20,7.3,7.3,7.3,7.3,0,0,0,0,0,NaN,5,5,36
2017-02-17,7.3,7.3,7.3,7.3,50,0,0,0,0,Infinity,5,5,36
2017-02-16,7.75,7.75,7.75,7.75,0,6.164383561643838,6.164383561643838,6.164383561643838,6.164383561643838,-100,5,5,36
2017-02-15,7.75,7.75,7.75,7.75,10,0,0,0,0,Infinity,5,5,36
2017-02-14,8,8,8,8,0,3.2258064516129004,3.2258064516129004,3.2258064516129004,3.2258064516129004,-100,5,5,36
2017-02-13,8,8,8,8,1,0,0,0,0,Infinity,5,5,36
2017-02-10,7.95,7.95,7.95,7.95,0,-0.6249999999999978,-0.6249999999999978,-0.6249999999999978,-0.6249999999999978,-100,5,5,36
2017-02-09,7.95,7.95,7.95,7.95,0,0,0,0,0,NaN,5,5,36
2017-02-08,7.95,7.95,7.95,7.95,0,0,0,0,0,NaN,5,5,36
2017-02-07,7.95,7.95,7.95,7.95,0,0,0,0,0,NaN,5,5,36
2017-02-06,7.95,7.95,7.95,7.95,2357,0,0,0,0,Infinity,5,5,36
2017-02-03,7.6,7.6,7.6,7.6,0,-4.402515723270451,-4.402515723270451,-4.402515723270451,-4.402515723270451,-100,5,5,36
2017-02-02,7.65,7.1,7.6,7.1,1369,0.657894736842124,-6.578947368421051,0,-6.578947368421051,Infinity,5,5,36
2017-02-01,7.1,7.1,7.1,7.1,0,-7.189542483660139,0,-6.578947368421051,0,-100,5,5,36
2017-01-31,7.1,7.1,7.1,7.1,0,0,0,0,0,NaN,5,5,36
2017-01-30,8.7,7,7.1,8.7,243,22.535211267605625,-1.4084507042253502,0,22.535211267605625,Infinity,5,5,36
2017-01-27,8.9,8,8.7,8.9,2106,2.298850574712663,14.28571428571428,22.535211267605625,2.298850574712663,766.6666666666666,5,5,36
2017-01-26,6.95,6.95,6.95,6.95,0,-21.91011235955056,-13.124999999999998,-20.114942528735625,-21.91011235955056,-100,5,5,36
2017-01-25,6.95,6.95,6.95,6.95,0,0,0,0,0,NaN,5,5,36
2017-01-24,6.95,6.95,6.95,6.95,0,0,0,0,0,NaN,5,5,36
2017-01-23,6.95,6.95,6.95,6.95,0,0,0,0,0,NaN,5,5,36
2017-01-20,6.95,6.95,6.95,6.95,0,0,0,0,0,NaN,5,5,36
2017-01-19,6.95,6.95,6.95,6.95,0,0,0,0,0,NaN,5,5,36
2017-01-18,6.95,6.95,6.95,6.95,0,0,0,0,0,NaN,5,5,36
2017-01-17,6.95,6.95,6.95,6.95,0,0,0,0,0,NaN,5,5,36
2017-01-16,6.95,6.95,6.95,6.95,0,0,0,0,0,NaN,5,5,36
2017-01-13,6.95,6.95,6.95,6.95,0,0,0,0,0,NaN,5,5,36
2017-01-12,6.95,6.95,6.95,6.95,0,0,0,0,0,NaN,5,5,36
2017-01-11,6.95,6.95,6.95,6.95,4647,0,0,0,0,Infinity,5,5,36
2017-01-10,7,7,7,7,0,0.7194244604316502,0.7194244604316502,0.7194244604316502,0.7194244604316502,-100,5,5,36
2017-01-09,7,7,7,7,0,0,0,0,0,NaN,5,5,36
2017-01-06,7,7,7,7,0,0,0,0,0,NaN,5,5,36
2017-01-05,7,7,7,7,400,0,0,0,0,Infinity,5,5,36
2017-01-04,7,7,7,7,1000,0,0,0,0,150,5,5,36
2017-01-03,6.9,6.5,6.9,6.5,1268,-1.4285714285714235,-7.14285714285714,-1.4285714285714235,-7.14285714285714,26.8,5,5,36
2017-01-02,6.35,6.35,6.35,6.35,30,-7.971014492753636,-2.3076923076923106,-7.971014492753636,-2.3076923076923106,-97.63406940063092,5,5,36
2016-12-30,6.9,6.9,6.9,6.9,50,8.661417322834652,8.661417322834652,8.661417322834652,8.661417322834652,66.66666666666667,5,5,36
2016-12-29,7.05,6.9,6.9,6.9,3722,2.1739130434782483,0,0,0,7344,5,5,36
2016-12-28,7,7,7,7,10,-0.7092198581560294,1.4492753623188248,1.4492753623188248,1.4492753623188248,-99.73132724341752,5,5,36
2016-12-27,7,7,7,7,0,0,0,0,0,-100,5,5,36
2016-12-23,7,7,7,7,10000,0,0,0,0,Infinity,5,5,36
2016-12-22,7.05,7,7.05,7,9443,0.7142857142857117,0,0.7142857142857117,0,-5.569999999999997,5,5,36
2016-12-21,7.05,7,7.05,7,807,0,0,0,0,-91.453987080377,5,5,36
2016-12-20,7.25,7.25,7.25,7.25,100,2.8368794326241176,3.571428571428581,2.8368794326241176,3.571428571428581,-87.6084262701363,5,5,36
2016-12-19,6.85,6.85,6.85,6.85,0,-5.517241379310345,-5.517241379310345,-5.517241379310345,-5.517241379310345,-100,5,5,36
2016-12-16,6.85,6.85,6.85,6.85,0,0,0,0,0,NaN,5,5,36
2016-12-15,6.85,6.85,6.85,6.85,1500,0,0,0,0,Infinity,5,5,36
2016-12-14,6.85,6.85,6.85,6.85,0,0,0,0,0,-100,5,5,36
2016-12-13,6.85,6.85,6.85,6.85,0,0,0,0,0,NaN,5,5,36
2016-12-12,6.85,6.85,6.85,6.85,0,0,0,0,0,NaN,5,5,36
2016-12-09,7.6,6.85,6.85,7.6,10,10.948905109489049,0,0,10.948905109489049,Infinity,5,5,36
2016-12-08,6.8,6.75,6.8,6.8,1693,-10.526315789473683,-1.4598540145985384,-0.7299270072992692,-10.526315789473683,16830,5,5,36
2016-12-07,6.8,6.8,6.8,6.8,100,0,0.7407407407407307,0,0,-94.09332545776728,5,5,36
2016-12-06,7.25,7.25,7.25,7.25,0,6.617647058823528,6.617647058823528,6.617647058823528,6.617647058823528,-100,5,5,36
2016-12-05,7.25,7.25,7.25,7.25,0,0,0,0,0,NaN,5,5,36
2016-12-02,7.25,7.25,7.25,7.25,0,0,0,0,0,NaN,5,5,36
2016-12-01,8,7.25,7.25,8,1040,10.344827586206895,0,0,10.344827586206895,Infinity,5,5,36
2016-11-30,7.5,7.5,7.5,7.5,100,-6.25,3.4482758620689724,3.4482758620689724,-6.25,-90.38461538461539,5,5,36
2016-11-29,7.5,7.5,7.5,7.5,0,0,0,0,0,-100,5,5,36
2016-11-28,7.5,7.5,7.5,7.5,0,0,0,0,0,NaN,5,5,36
2016-11-25,7.5,7.5,7.5,7.5,175,0,0,0,0,Infinity,5,5,36
2016-11-24,6.55,6.55,6.55,6.55,0,-12.666666666666671,-12.666666666666671,-12.666666666666671,-12.666666666666671,-100,5,5,36
2016-11-23,6.55,6.55,6.55,6.55,1,0,0,0,0,Infinity,5,5,36
2016-11-22,6.75,6.75,6.75,6.75,0,3.053435114503822,3.053435114503822,3.053435114503822,3.053435114503822,-100,5,5,36
2016-11-21,6.75,6.75,6.75,6.75,0,0,0,0,0,NaN,5,5,36
2016-11-18,6.75,6.7,6.75,6.7,995,0,-0.7407407407407418,0,-0.7407407407407418,Infinity,5,5,36
2016-11-17,6.75,6.75,6.75,6.75,0,0,0.746268656716409,0,0.746268656716409,-100,5,5,36
2016-11-16,6.75,6.75,6.75,6.75,0,0,0,0,0,NaN,5,5,36
2016-11-15,6.75,6.75,6.75,6.75,0,0,0,0,0,NaN,5,5,36
2016-11-14,6.75,6.4,6.75,6.4,808,0,-5.185185185185182,0,-5.185185185185182,Infinity,5,5,36
2016-11-11,6.75,6.4,6.4,6.45,3915,0,0,-5.185185185185182,0.78125,384.529702970297,5,5,36
2016-11-10,6.4,6.4,6.4,6.4,500,-5.185185185185182,0,0,-0.7751937984496138,-87.2286079182631,5,5,36
2016-11-09,7.65,7.65,7.65,7.65,0,19.53125,19.53125,19.53125,19.53125,-100,5,5,36
2016-11-08,7.65,7.1,7.65,7.1,130,0,-7.189542483660139,0,-7.189542483660139,Infinity,5,5,36
2016-11-07,8.05,7.05,8.05,7.05,1500,5.228758169934644,-0.7042253521126751,5.228758169934644,-0.7042253521126751,1053.8461538461538,5,5,36
2016-11-04,9.2,5.05,6.95,9.2,1633,14.285714285714256,-28.36879432624113,-13.664596273291929,30.49645390070921,8.866666666666667,5,5,36
2016-11-03,9.2,8.45,9.2,8.45,200,0,67.32673267326732,32.37410071942443,-8.15217391304348,-87.75260257195346,5,5,36
2016-11-02,8.35,8.35,8.35,8.35,100,-9.239130434782606,-1.1834319526627168,-9.239130434782606,-1.1834319526627168,-50,5,5,36
2016-11-01,8.35,8.35,8.35,8.35,0,0,0,0,0,-100,5,5,36
2016-10-31,8.35,8.35,8.35,8.35,0,0,0,0,0,NaN,5,5,36
2016-10-28,8.35,8.35,8.35,8.35,0,0,0,0,0,NaN,5,5,36
2016-10-27,8.35,8.35,8.35,8.35,0,0,0,0,0,NaN,5,5,36
2016-10-26,8.35,8.35,8.35,8.35,0,0,0,0,0,NaN,5,5,36
2016-10-25,8.35,8.35,8.35,8.35,0,0,0,0,0,NaN,5,5,36
2016-10-24,8.35,8.35,8.35,8.35,0,0,0,0,0,NaN,5,5,36
2016-10-21,8.35,8.35,8.35,8.35,0,0,0,0,0,NaN,5,5,36
2016-10-20,8.35,8.35,8.35,8.35,100,0,0,0,0,Infinity,5,5,36
2016-10-19,8.35,8.35,8.35,8.35,500,0,0,0,0,400,5,5,36
2016-10-18,8.05,8.05,8.05,8.05,0,-3.592814371257469,-3.592814371257469,-3.592814371257469,-3.592814371257469,-100,5,5,36
2016-10-17,8.05,8.05,8.05,8.05,0,0,0,0,0,NaN,5,5,36
2016-10-14,8.05,8.05,8.05,8.05,541,0,0,0,0,Infinity,5,5,36
2016-10-13,8.05,8.05,8.05,8.05,0,0,0,0,0,-100,5,5,36
2016-10-12,8.05,8.05,8.05,8.05,409,0,0,0,0,Infinity,5,5,36
2016-10-11,8.05,8.05,8.05,8.05,0,0,0,0,0,-100,5,5,36
2016-10-10,8.05,8.05,8.05,8.05,0,0,0,0,0,NaN,5,5,36
2016-10-07,8.05,8.05,8.05,8.05,700,0,0,0,0,Infinity,5,5,36
2016-10-06,8.05,8.05,8.05,8.05,50,0,0,0,0,-92.85714285714286,5,5,36
2016-10-05,8.35,8.35,8.35,8.35,0,3.7267080745341463,3.7267080745341463,3.7267080745341463,3.7267080745341463,-100,5,5,36
2016-10-04,8.35,8.35,8.35,8.35,0,0,0,0,0,NaN,5,5,36
2016-10-03,8.35,8.35,8.35,8.35,0,0,0,0,0,NaN,5,5,36
2016-09-30,8.35,8.35,8.35,8.35,0,0,0,0,0,NaN,5,5,36
2016-09-29,8.35,8.35,8.35,8.35,0,0,0,0,0,NaN,5,5,36
2016-09-28,8.35,8.35,8.35,8.35,49,0,0,0,0,Infinity,5,5,36
2016-09-27,8.4,7.8,8.4,7.8,1115,0.5988023952095967,-6.586826347305386,0.5988023952095967,-6.586826347305386,2175.5102040816328,5,5,36
2016-09-26,8,8,8,8,0,-4.761904761904767,2.564102564102577,-4.761904761904767,2.564102564102577,-100,5,5,36
2016-09-23,8,8,8,8,0,0,0,0,0,NaN,5,5,36
2016-09-22,8,8,8,8,0,0,0,0,0,NaN,5,5,36
2016-09-21,8,8,8,8,0,0,0,0,0,NaN,5,5,36
2016-09-20,8,8,8,8,1000,0,0,0,0,Infinity,5,5,36
2016-09-19,8.1,8.1,8.1,8.1,0,1.2499999999999956,1.2499999999999956,1.2499999999999956,1.2499999999999956,-100,5,5,36
2016-09-16,8.1,8.1,8.1,8.1,4,0,0,0,0,Infinity,5,5,36
2016-09-15,8.1,8.1,8.1,8.1,0,0,0,0,0,-100,5,5,36
2016-09-14,8.1,8.1,8.1,8.1,0,0,0,0,0,NaN,5,5,36
2016-09-13,8.1,8.1,8.1,8.1,79,0,0,0,0,Infinity,5,5,36
2016-09-12,8.1,8.1,8.1,8.1,4552,0,0,0,0,5662.025316455696,5,5,36
2016-09-09,8.05,8.05,8.05,8.05,500,-0.6172839506172756,-0.6172839506172756,-0.6172839506172756,-0.6172839506172756,-89.0158172231986,5,5,36
2016-09-08,8.4,8.05,8.35,8.05,326,4.347826086956519,0,3.7267080745341463,0,-34.8,5,5,36
2016-09-07,8.2,8,8,8,3734,-2.3809523809523947,-0.6211180124223725,-4.191616766467066,-0.6211180124223725,1045.398773006135,5,5,36
2016-09-06,8.1,8.1,8.1,8.1,0,-1.2195121951219523,1.2499999999999956,1.2499999999999956,1.2499999999999956,-100,5,5,36
2016-09-05,8.1,8.1,8.1,8.1,50,0,0,0,0,Infinity,5,5,36
2016-09-02,8.4,7.65,8,7.65,4320,3.70370370370372,-5.5555555555555465,-1.2345679012345623,-5.5555555555555465,8540,5,5,36
2016-09-01,9,9,9,9,0,7.14285714285714,17.647058823529417,12.5,17.647058823529417,-100,5,5,36
2016-08-31,9.1,8.85,9,9.05,2251,1.1111111111111072,-1.6666666666666718,0,0.5555555555555536,Infinity,5,5,36
2016-08-30,9.1,9.1,9.1,9.1,0,0,2.824858757062154,1.1111111111111072,0.5524861878452914,-100,5,5,36
2016-08-29,9.1,8.8,9.1,8.8,2270,0,-3.296703296703285,0,-3.296703296703285,Infinity,5,5,36
2016-08-26,9.25,9,9,9.25,260,1.6483516483516425,2.2727272727272707,-1.098901098901095,5.1136363636363535,-88.54625550660793,5,5,36
2016-08-25,9.1,9.1,9.1,9.1,15,-1.6216216216216273,1.1111111111111072,1.1111111111111072,-1.6216216216216273,-94.23076923076923,5,5,36
2016-08-24,9.1,9.1,9.1,9.1,2011,0,0,0,0,13306.666666666666,5,5,36
2016-08-23,9.2,9.2,9.2,9.2,470,1.098901098901095,1.098901098901095,1.098901098901095,1.098901098901095,-76.62854301342615,5,5,36
2016-08-22,9.45,9.15,9.15,9.45,153,2.717391304347827,-0.5434782608695565,-0.5434782608695565,2.717391304347827,-67.44680851063829,5,5,36
2016-08-19,9.2,8.6,8.6,9.15,1793,-2.645502645502651,-6.0109289617486406,-6.0109289617486406,-3.1746031746031633,1071.8954248366013,5,5,36
2016-08-18,8.75,8.7,8.7,8.75,546,-4.891304347826075,1.1627906976744207,1.1627906976744207,-4.371584699453557,-69.54824316787507,5,5,36
2016-08-17,8.2,8.2,8.2,8.2,0,-6.2857142857142945,-5.747126436781613,-5.747126436781613,-6.2857142857142945,-100,5,5,36
2016-08-16,8.2,8.2,8.2,8.2,0,0,0,0,0,NaN,5,5,36
2016-08-15,8.2,8.2,8.2,8.2,130,0,0,0,0,Infinity,5,5,36
2016-08-12,7.8,7.8,7.8,7.8,0,-4.8780487804877986,-4.8780487804877986,-4.8780487804877986,-4.8780487804877986,-100,5,5,36
2016-08-11,7.85,7.8,7.8,7.85,858,0.6410256410256387,0,0,0.6410256410256387,Infinity,5,5,36
2016-08-10,7.95,7.95,7.95,7.95,0,1.273885350318471,1.9230769230769384,1.9230769230769384,1.273885350318471,-100,5,5,36
2016-08-09,7.95,7.95,7.95,7.95,176,0,0,0,0,Infinity,5,5,36
2016-08-08,8.35,8.35,8.35,8.35,70,5.031446540880502,5.031446540880502,5.031446540880502,5.031446540880502,-60.22727272727273,5,5,36
2016-08-05,8,7.75,7.8,8,1033,-4.191616766467066,-7.185628742514972,-6.586826347305386,-4.191616766467066,1375.7142857142858,5,5,36
2016-08-04,8.5,8.5,8.5,8.5,2000,6.25,9.677419354838701,8.974358974358987,6.25,93.6108422071636,5,5,36
2016-08-03,8.25,8.25,8.25,8.25,2451,-2.941176470588236,-2.941176470588236,-2.941176470588236,-2.941176470588236,22.550000000000004,5,5,36
2016-08-02,8.65,8.15,8.15,8.3,2464,4.8484848484848575,-1.2121212121212088,-1.2121212121212088,0.60606060606061,0.5303957568339346,5,5,36
2016-08-01,9,9,9,9,500,4.046242774566466,10.42944785276072,10.42944785276072,8.43373493975903,-79.70779220779221,5,5,36
2016-07-29,8.65,8.25,8.65,8.25,1000,-3.888888888888886,-8.333333333333337,-3.888888888888886,-8.333333333333337,100,5,5,36
2016-07-28,8.95,8.9,8.95,8.9,1000,3.4682080924855363,7.878787878787885,3.4682080924855363,7.878787878787885,0,5,5,36
2016-07-27,8.3,8.2,8.2,8.3,4612,-7.262569832402221,-7.86516853932585,-8.37988826815642,-6.741573033707859,361.2,5,5,36
2016-07-26,9.1,8.5,8.5,9.1,5112,9.638554216867457,3.658536585365857,3.658536585365857,9.638554216867457,10.841283607979179,5,5,36
2016-07-25,8.8,7.8,8.8,7.8,279,-3.296703296703285,-8.235294117647063,3.529411764705892,-14.28571428571428,-94.54225352112677,5,5,36
2016-07-22,8.8,7.55,8.8,7.55,121,0,-3.205128205128205,0,-3.205128205128205,-56.63082437275986,5,5,36
2016-07-21,9,9,9,9,0,2.2727272727272707,19.20529801324504,2.2727272727272707,19.20529801324504,-100,5,5,36
2016-07-20,9,9,9,9,0,0,0,0,0,NaN,5,5,36
2016-07-19,9,9,9,9,25,0,0,0,0,Infinity,5,5,36
2016-07-18,9,9,9,9,0,0,0,0,0,-100,5,5,36
2016-07-15,9,9,9,9,0,0,0,0,0,NaN,5,5,36
2016-07-14,9,7.55,9,8.6,1002,0,-16.11111111111111,0,-4.444444444444451,Infinity,5,5,36
2016-07-13,9.35,9.35,9.35,9.35,0,3.888888888888875,23.841059602648997,3.888888888888875,8.720930232558132,-100,5,5,36
2016-07-12,9.35,9.35,9.35,9.35,10,0,0,0,0,Infinity,5,5,36
2016-07-11,9.35,9.35,9.35,9.35,0,0,0,0,0,-100,5,5,36
2016-07-08,9.35,8.1,9.35,8.1,573,0,-13.36898395721925,0,-13.36898395721925,Infinity,5,5,36
2016-07-07,8,8,8,8,0,-14.438502673796794,-1.2345679012345623,-14.438502673796794,-1.2345679012345623,-100,5,5,36
2016-07-06,8,8,8,8,0,0,0,0,0,NaN,5,5,36
2016-07-05,8,8,8,8,0,0,0,0,0,NaN,5,5,36
2016-07-04,8,8,8,8,0,0,0,0,0,NaN,5,5,36
2016-07-01,8,8,8,8,0,0,0,0,0,NaN,5,5,36
2016-06-30,8,8,8,8,0,0,0,0,0,NaN,5,5,36
2016-06-29,8,8,8,8,0,0,0,0,0,NaN,5,5,36
2016-06-28,8,8,8,8,0,0,0,0,0,NaN,5,5,36
2016-06-27,8,8,8,8,250,0,0,0,0,Infinity,5,5,36
2016-06-24,7.15,7.15,7.15,7.15,0,-10.624999999999996,-10.624999999999996,-10.624999999999996,-10.624999999999996,-100,5,5,36
2016-06-23,7.15,7.15,7.15,7.15,134,0,0,0,0,Infinity,5,5,36
2016-06-22,9.55,9.55,9.55,9.55,0,33.56643356643356,33.56643356643356,33.56643356643356,33.56643356643356,-100,5,5,36
2016-06-21,9.55,9.55,9.55,9.55,0,0,0,0,0,NaN,5,5,36
2016-06-20,9.55,9.55,9.55,9.55,0,0,0,0,0,NaN,5,5,36
2016-06-17,9.55,9.55,9.55,9.55,0,0,0,0,0,NaN,5,5,36
2016-06-16,9.55,9.55,9.55,9.55,0,0,0,0,0,NaN,5,5,36
2016-06-15,9.55,9.55,9.55,9.55,0,0,0,0,0,NaN,5,5,36
2016-06-14,9.55,9.55,9.55,9.55,0,0,0,0,0,NaN,5,5,36
2016-06-13,9.55,9.55,9.55,9.55,0,0,0,0,0,NaN,5,5,36
2016-06-10,9.55,9.55,9.55,9.55,0,0,0,0,0,NaN,5,5,36
2016-06-09,9.55,9.55,9.55,9.55,0,0,0,0,0,NaN,5,5,36
2016-06-08,9.55,9.55,9.55,9.55,0,0,0,0,0,NaN,5,5,36
2016-06-07,9.55,9.55,9.55,9.55,0,0,0,0,0,NaN,5,5,36
2016-06-06,9.55,9.55,9.55,9.55,0,0,0,0,0,NaN,5,5,36
2016-06-03,9.55,9.55,9.55,9.55,1,0,0,0,0,Infinity,5,5,36
2016-06-02,9,8,9,8.25,5005,-5.759162303664933,-16.230366492146608,-5.759162303664933,-13.612565445026181,500400,5,5,36
2016-06-01,9.4,8.25,8.3,9.4,978,4.444444444444451,3.125,-7.777777777777772,13.939393939393941,-80.45954045954046,5,5,36
2016-05-31,8.05,8.05,8.05,8.05,8,-14.36170212765957,-2.4242424242424176,-3.0120481927710885,-14.36170212765957,-99.18200408997954,5,5,36
2016-05-30,8.05,8.05,8.05,8.05,50,0,0,0,0,525,5,5,36
2016-05-27,8.05,8.05,8.05,8.05,0,0,0,0,0,-100,5,5,36
2016-05-26,8.05,8.05,8.05,8.05,0,0,0,0,0,NaN,5,5,36
2016-05-25,8.05,8,8.05,8.05,250,0,-0.6211180124223725,0,0,Infinity,5,5,36
2016-05-24,9.3,9.3,9.3,9.3,0,15.527950310559003,16.250000000000007,15.527950310559003,15.527950310559003,-100,5,5,36
2016-05-23,9.3,9.3,9.3,9.3,45,0,0,0,0,Infinity,5,5,36
2016-05-20,9.5,9.5,9.5,9.5,0,2.1505376344086002,2.1505376344086002,2.1505376344086002,2.1505376344086002,-100,5,5,36
2016-05-19,9.5,9.5,9.5,9.5,94,0,0,0,0,Infinity,5,5,36
2016-05-18,9.9,7.15,9.5,7.15,401,4.210526315789487,-24.736842105263158,0,-24.736842105263158,326.59574468085106,5,5,36
2016-05-17,9.9,9.9,9.9,9.9,0,0,38.46153846153846,4.210526315789487,38.46153846153846,-100,5,5,36
2016-05-16,9.9,9.9,9.9,9.9,8,0,0,0,0,Infinity,5,5,36
2016-05-13,9.9,9.9,9.9,9.9,0,0,0,0,0,-100,5,5,36
2016-05-12,9.9,9.9,9.9,9.9,0,0,0,0,0,NaN,5,5,36
2016-05-11,9.9,9.9,9.9,9.9,0,0,0,0,0,NaN,5,5,36
2016-05-10,9.9,9.9,9.9,9.9,0,0,0,0,0,NaN,5,5,36
2016-05-09,9.9,9.9,9.9,9.9,0,0,0,0,0,NaN,5,5,36
2016-05-06,9.9,9.9,9.9,9.9,0,0,0,0,0,NaN,5,5,36
2016-05-04,9.9,9.9,9.9,9.9,1500,0,0,0,0,Infinity,5,5,36
2016-05-03,10,10,10,10,500,1.0101010101010166,1.0101010101010166,1.0101010101010166,1.0101010101010166,-66.66666666666667,5,5,36
2016-05-02,8.3,8.3,8.3,8.3,6500,-16.999999999999993,-16.999999999999993,-16.999999999999993,-16.999999999999993,1200,5,5,36
2016-04-29,8.4,8.4,8.4,8.4,0,1.2048192771084265,1.2048192771084265,1.2048192771084265,1.2048192771084265,-100,5,5,36
2016-04-28,8.4,8.4,8.4,8.4,0,0,0,0,0,NaN,5,5,36
2016-04-27,8.4,8.4,8.4,8.4,0,0,0,0,0,NaN,5,5,36
2016-04-26,8.4,8.4,8.4,8.4,0,0,0,0,0,NaN,5,5,36
2016-04-25,8.4,8.4,8.4,8.4,5287,0,0,0,0,Infinity,5,5,36
2016-04-22,8.85,8.85,8.85,8.85,0,5.357142857142838,5.357142857142838,5.357142857142838,5.357142857142838,-100,5,5,36
2016-04-21,8.85,8.85,8.85,8.85,0,0,0,0,0,NaN,5,5,36
2016-04-20,8.85,8.85,8.85,8.85,0,0,0,0,0,NaN,5,5,36
2016-04-19,10,8.75,8.85,8.75,1548,12.994350282485879,-1.1299435028248594,0,-1.1299435028248594,Infinity,5,5,36
2016-04-18,10,10,10,10,0,0,14.28571428571428,12.994350282485879,14.28571428571428,-100,5,5,36
2016-04-15,10.3,10,10,10,6795,3.0000000000000027,0,0,0,Infinity,5,5,36
2016-04-14,10.95,10,10,10.95,6699,6.31067961165046,0,0,9.499999999999996,-1.4128035320088328,5,5,36
2016-04-13,11.95,8.75,10.95,10.95,7783,9.1324200913242,-12.5,9.499999999999996,0,16.18151962979548,5,5,36
2016-04-12,8.1,8.1,8.1,8.1,500,-32.21757322175732,-7.428571428571429,-26.027397260273965,-26.027397260273965,-93.57574200179879,5,5,36
2016-04-11,8.75,8.75,8.75,8.75,0,8.024691358024704,8.024691358024704,8.024691358024704,8.024691358024704,-100,5,5,36
2016-04-08,8.75,8.75,8.75,8.75,0,0,0,0,0,NaN,5,5,36
2016-04-07,8.75,8.75,8.75,8.75,0,0,0,0,0,NaN,5,5,36
2016-04-06,9.2,8.75,8.75,9.2,2047,5.142857142857138,0,0,5.142857142857138,Infinity,5,5,36
2016-04-05,8.05,8.05,8.05,8.05,0,-12.49999999999999,-7.9999999999999964,-7.9999999999999964,-12.49999999999999,-100,5,5,36
2016-04-04,8.05,8.05,8.05,8.05,0,0,0,0,0,NaN,5,5,36
2016-04-01,8.05,8.05,8.05,8.05,0,0,0,0,0,NaN,5,5,36
2016-03-31,8.05,8.05,8.05,8.05,0,0,0,0,0,NaN,5,5,36
2016-03-30,8.05,8.05,8.05,8.05,1748,0,0,0,0,Infinity,5,5,36
2016-03-29,8.05,8.05,8.05,8.05,2500,0,0,0,0,43.02059496567505,5,5,36
2016-03-24,8.15,8.15,8.15,8.15,0,1.2422360248447228,1.2422360248447228,1.2422360248447228,1.2422360248447228,-100,5,5,36
2016-03-23,8.15,8.15,8.15,8.15,0,0,0,0,0,NaN,5,5,36
2016-03-22,8.15,8.15,8.15,8.15,750,0,0,0,0,Infinity,5,5,36
2016-03-21,8.1,8.1,8.1,8.1,0,-0.613496932515345,-0.613496932515345,-0.613496932515345,-0.613496932515345,-100,5,5,36
2016-03-18,8.1,8.1,8.1,8.1,0,0,0,0,0,NaN,5,5,36
2016-03-17,8.1,8.1,8.1,8.1,0,0,0,0,0,NaN,5,5,36
2016-03-16,8.1,7.45,8.1,7.45,2775,0,-8.024691358024683,0,-8.024691358024683,Infinity,5,5,36
2016-03-15,8.05,8.05,8.05,8.05,1589,-0.6172839506172756,8.053691275167797,-0.6172839506172756,8.053691275167797,-42.73873873873873,5,5,36
2016-03-14,8.05,7.6,8.05,8.05,5144,0,-5.590062111801252,0,0,223.72561359345502,5,5,36
2016-03-11,8.05,7.9,8.05,7.9,1060,0,3.9473684210526327,0,-1.8633540372670843,-79.39346811819595,5,5,36
2016-03-10,8.4,8.4,8.4,8.4,150,4.347826086956519,6.329113924050622,4.347826086956519,6.329113924050622,-85.84905660377359,5,5,36
2016-03-09,9.35,7.8,8.5,8.2,4175,11.309523809523792,-7.142857142857151,1.1904761904761862,-2.3809523809523947,2683.333333333333,5,5,36
2016-03-08,8.85,8.85,8.85,8.85,1850,-5.3475935828877,13.461538461538458,4.117647058823515,7.92682926829269,-55.68862275449102,5,5,36
2016-03-07,10,8.15,8.8,9.5,1500,12.994350282485879,-7.909604519774005,-0.5649717514124131,7.344632768361592,-18.918918918918916,5,5,36
2016-03-04,9.95,8.9,9.5,8.9,4101,-0.5000000000000115,9.202453987730053,7.954545454545436,-6.315789473684208,173.4,5,5,36
2016-03-03,8.3,7.15,8,7.15,5338,-16.582914572864304,-19.66292134831461,-15.789473684210531,-19.66292134831461,30.163374786637398,5,5,36
2016-03-02,9,9,9,9,100,8.43373493975903,25.874125874125873,12.5,25.874125874125873,-98.12663919070813,5,5,36
2016-03-01,9.35,7.5,9.1,7.5,510,3.888888888888875,-16.666666666666664,1.1111111111111072,-16.666666666666664,409.99999999999994,5,5,36
2016-02-29,7.6,7.6,7.6,7.6,0,-18.71657754010695,1.3333333333333197,-16.483516483516482,1.3333333333333197,-100,5,5,36
2016-02-26,7.6,7.6,7.6,7.6,1,0,0,0,0,Infinity,5,5,36
2016-02-25,7.6,7.6,7.6,7.6,1000,0,0,0,0,99900,5,5,36
2016-02-24,7.6,7.6,7.6,7.6,0,0,0,0,0,-100,5,5,36
2016-02-23,7.6,7.6,7.6,7.6,100,0,0,0,0,Infinity,5,5,36
2016-02-22,8.65,7.2,8.65,7.2,250,13.815789473684227,-5.263157894736836,13.815789473684227,-5.263157894736836,150,5,5,36
2016-02-19,8.65,8.65,8.65,8.65,0,0,20.138888888888886,0,20.138888888888886,-100,5,5,36
2016-02-18,8.65,8.65,8.65,8.65,0,0,0,0,0,NaN,5,5,36
2016-02-17,9.75,8.65,8.65,9.75,755,12.71676300578035,0,0,12.71676300578035,Infinity,5,5,36
2016-02-16,10.85,8.35,8.65,8.35,2825,11.282051282051286,-3.4682080924855585,0,-14.358974358974363,274.17218543046357,5,5,36
2016-02-15,11,7.4,11,7.4,5081,1.382488479262678,-11.377245508982025,27.16763005780347,-11.377245508982025,79.85840707964601,5,5,36
2016-02-12,9.55,7.65,7.9,9.55,2615,-13.181818181818173,3.378378378378377,-28.181818181818173,29.054054054054056,-48.53375319818933,5,5,36
2016-02-11,14.95,8,9.5,8.25,28221,56.544502617801015,4.575163398692816,20.253164556962023,-13.612565445026181,979.1969407265775,5,5,36
2016-02-10,8.65,8.65,8.65,8.65,0,-42.14046822742474,8.125000000000004,-8.947368421052627,4.8484848484848575,-100,5,5,36
2016-02-09,8.65,8.65,8.65,8.65,0,0,0,0,0,NaN,5,5,36
2016-02-08,8.65,8.65,8.65,8.65,0,0,0,0,0,NaN,5,5,36
2016-02-05,8.65,8.65,8.65,8.65,0,0,0,0,0,NaN,5,5,36
2016-02-04,8.65,8.65,8.65,8.65,52,0,0,0,0,Infinity,5,5,36
2016-02-03,8.35,8.35,8.35,8.35,0,-3.4682080924855585,-3.4682080924855585,-3.4682080924855585,-3.4682080924855585,-100,5,5,36
2016-02-02,8.35,8.35,8.35,8.35,0,0,0,0,0,NaN,5,5,36
2016-02-01,8.35,8.35,8.35,8.35,0,0,0,0,0,NaN,5,5,36
2016-01-29,8.35,8.35,8.35,8.35,0,0,0,0,0,NaN,5,5,36
2016-01-28,8.35,8.35,8.35,8.35,0,0,0,0,0,NaN,5,5,36
2016-01-27,8.35,7.2,8.35,7.2,2280,0,-13.772455089820356,0,-13.772455089820356,Infinity,5,5,36
2016-01-26,7,7,7,7,180,-16.167664670658677,-2.777777777777779,-16.167664670658677,-2.777777777777779,-92.10526315789474,5,5,36
2016-01-25,7.05,7.05,7.05,7.05,0,0.7142857142857117,0.7142857142857117,0.7142857142857117,0.7142857142857117,-100,5,5,36
2016-01-22,7.05,7.05,7.05,7.05,8476,0,0,0,0,Infinity,5,5,36
2016-01-21,7.05,7.05,7.05,7.05,0,0,0,0,0,-100,5,5,36
2016-01-20,7.05,7.05,7.05,7.05,280,0,0,0,0,Infinity,5,5,36
2016-01-19,7.05,7.05,7.05,7.05,95,0,0,0,0,-66.07142857142857,5,5,36
2016-01-18,8.35,8.35,8.35,8.35,0,18.439716312056742,18.439716312056742,18.439716312056742,18.439716312056742,-100,5,5,36
2016-01-15,8.35,8.35,8.35,8.35,30,0,0,0,0,Infinity,5,5,36
2016-01-14,7.8,7.8,7.8,7.8,0,-6.586826347305386,-6.586826347305386,-6.586826347305386,-6.586826347305386,-100,5,5,36
2016-01-13,7.8,7.8,7.8,7.8,0,0,0,0,0,NaN,5,5,36
2016-01-12,7.8,7.8,7.8,7.8,0,0,0,0,0,NaN,5,5,36
2016-01-11,7.8,7.05,7.8,7.05,7185,0,-9.615384615384615,0,-9.615384615384615,Infinity,5,5,36
2016-01-08,7.85,7,7.85,7.15,2874,0.6410256410256387,-0.7092198581560294,0.6410256410256387,1.4184397163120588,-60,5,5,36
2016-01-07,7.4,7.4,7.4,7.4,0,-5.732484076433108,5.714285714285716,-5.732484076433108,3.4965034965035002,-100,5,5,36
2016-01-06,7.4,7.4,7.4,7.4,0,0,0,0,0,NaN,5,5,36
2016-01-05,7.4,7.4,7.4,7.4,0,0,0,0,0,NaN,5,5,36
2016-01-04,7.4,7.4,7.4,7.4,0,0,0,0,0,NaN,5,5,36
2015-12-30,7.4,7.3,7.4,7.3,1133,0,-1.3513513513513598,0,-1.3513513513513598,Infinity,5,5,36
2015-12-29,8,8,8,8,0,8.108108108108091,9.589041095890405,8.108108108108091,9.589041095890405,-100,5,5,36
2015-12-28,8,8,8,8,95,0,0,0,0,Infinity,5,5,36
2015-12-23,7.6,7.6,7.6,7.6,0,-5.000000000000004,-5.000000000000004,-5.000000000000004,-5.000000000000004,-100,5,5,36
2015-12-22,8,7.15,7.6,7.15,3150,5.263157894736836,-5.921052631578938,0,-5.921052631578938,Infinity,5,5,36
2015-12-21,7.95,7.95,7.95,7.95,0,-0.6249999999999978,11.188811188811187,4.6052631578947345,11.188811188811187,-100,5,5,36
2015-12-18,7.95,7.95,7.95,7.95,150,0,0,0,0,Infinity,5,5,36
2015-12-17,8,7.1,8,7.1,6424,0.6289308176100628,-10.691823899371078,0.6289308176100628,-10.691823899371078,4182.666666666667,5,5,36
2015-12-16,8,8,8,8,0,0,12.676056338028175,0,12.676056338028175,-100,5,5,36
2015-12-15,8,8,8,8,1000,0,0,0,0,Infinity,5,5,36
2015-12-14,8,8,8,8,0,0,0,0,0,-100,5,5,36
2015-12-11,8,8,8,8,500,0,0,0,0,Infinity,5,5,36
2015-12-10,8.35,7.05,8,7.8,4129,4.374999999999996,-11.875000000000002,0,-2.500000000000002,725.8,5,5,36
2015-12-09,8.3,7.25,7.8,8.3,20362,-0.5988023952095634,2.8368794326241176,-2.500000000000002,6.410256410256432,393.1460402034391,5,5,36
2015-12-08,8.6,8.3,8.6,8.55,81294,3.6144578313252795,14.482758620689662,10.256410256410264,3.0120481927710774,299.243689225027,5,5,36
2015-12-07,12.9,10.8,12.9,10.8,100,50,30.12048192771084,50,26.315789473684205,-99.87698969173616,5,5,36
2015-12-04,10.5,10.5,10.5,10.5,0,-18.6046511627907,-2.777777777777779,-18.6046511627907,-2.777777777777779,-100,5,5,36
2015-12-03,10.5,10.5,10.5,10.5,0,0,0,0,0,NaN,5,5,36
2015-12-02,10.5,10.5,10.5,10.5,0,0,0,0,0,NaN,5,5,36
2015-12-01,10.5,10.5,10.5,10.5,0,0,0,0,0,NaN,5,5,36
2015-11-30,10.5,10.5,10.5,10.5,110,0,0,0,0,Infinity,5,5,36
2015-11-27,8.95,8.95,8.95,8.95,0,-14.761904761904765,-14.761904761904765,-14.761904761904765,-14.761904761904765,-100,5,5,36
2015-11-26,8.95,8.95,8.95,8.95,0,0,0,0,0,NaN,5,5,36
2015-11-25,8.95,8.95,8.95,8.95,0,0,0,0,0,NaN,5,5,36
2015-11-24,8.95,8.95,8.95,8.95,0,0,0,0,0,NaN,5,5,36
2015-11-23,8.95,8.95,8.95,8.95,0,0,0,0,0,NaN,5,5,36
2015-11-20,8.95,8.95,8.95,8.95,0,0,0,0,0,NaN,5,5,36
2015-11-19,8.95,8.95,8.95,8.95,0,0,0,0,0,NaN,5,5,36
2015-11-18,8.95,8.95,8.95,8.95,480,0,0,0,0,Infinity,5,5,36
2015-11-17,8.3,8.3,8.3,8.3,0,-7.262569832402221,-7.262569832402221,-7.262569832402221,-7.262569832402221,-100,5,5,36
2015-11-16,8.3,8.3,8.3,8.3,0,0,0,0,0,NaN,5,5,36
2015-11-13,8.3,8.3,8.3,8.3,450,0,0,0,0,Infinity,5,5,36
2015-11-12,8.3,8.3,8.3,8.3,0,0,0,0,0,-100,5,5,36
2015-11-11,10.5,8.3,8.3,10.5,443,26.506024096385538,0,0,26.506024096385538,Infinity,5,5,36
2015-11-10,9,9,9,9,0,-14.28571428571429,8.43373493975903,8.43373493975903,-14.28571428571429,-100,5,5,36
2015-11-09,9.85,9,9,9.85,2100,9.444444444444432,0,0,9.444444444444432,Infinity,5,5,36
2015-11-06,9.5,9.5,9.5,9.5,0,-3.5532994923857864,5.555555555555558,5.555555555555558,-3.5532994923857864,-100,5,5,36
2015-11-05,9.5,9.5,9.5,9.5,0,0,0,0,0,NaN,5,5,36
2015-11-04,9.5,9.5,9.5,9.5,0,0,0,0,0,NaN,5,5,36
2015-11-03,9.95,9.5,9.5,9.95,690,4.73684210526315,0,0,4.73684210526315,Infinity,5,5,36
2015-11-02,9.95,9.95,9.95,9.95,130,0,4.73684210526315,4.73684210526315,0,-81.15942028985508,5,5,36
2015-10-30,10.35,10.35,10.35,10.35,0,4.020100502512558,4.020100502512558,4.020100502512558,4.020100502512558,-100,5,5,36
2015-10-29,10.35,10.35,10.35,10.35,0,0,0,0,0,NaN,5,5,36
2015-10-28,11,10.35,10.35,11,930,6.2801932367149815,0,0,6.2801932367149815,Infinity,5,5,36
2015-10-27,9,9,9,9,0,-18.181818181818176,-13.043478260869568,-13.043478260869568,-18.181818181818176,-100,5,5,36
2015-10-26,9,9,9,9,0,0,0,0,0,NaN,5,5,36
2015-10-23,9,9,9,9,0,0,0,0,0,NaN,5,5,36
2015-10-22,9,9,9,9,0,0,0,0,0,NaN,5,5,36
2015-10-21,9,9,9,9,0,0,0,0,0,NaN,5,5,36
2015-10-20,9,9,9,9,0,0,0,0,0,NaN,5,5,36
2015-10-19,9,9,9,9,0,0,0,0,0,NaN,5,5,36
2015-10-16,9,9,9,9,0,0,0,0,0,NaN,5,5,36
2015-10-15,9,9,9,9,6404,0,0,0,0,Infinity,5,5,36
2015-10-14,9.7,9.7,9.7,9.7,0,7.777777777777772,7.777777777777772,7.777777777777772,7.777777777777772,-100,5,5,36
2015-10-13,9.7,9.7,9.7,9.7,0,0,0,0,0,NaN,5,5,36
2015-10-12,9.7,9.7,9.7,9.7,0,0,0,0,0,NaN,5,5,36
2015-10-09,9.75,9.65,9.7,9.75,7471,0.5154639175257714,-0.5154639175257603,0,0.5154639175257714,Infinity,5,5,36
2015-10-08,9.7,9.7,9.7,9.7,1014,-0.5128205128205221,0.5181347150258864,0,-0.5128205128205221,-86.42751974300629,5,5,36
2015-10-07,10.35,10.35,10.35,10.35,0,6.70103092783505,6.70103092783505,6.70103092783505,6.70103092783505,-100,5,5,36
2015-10-06,10.35,10.35,10.35,10.35,0,0,0,0,0,NaN,5,5,36
2015-10-05,10.35,10.35,10.35,10.35,0,0,0,0,0,NaN,5,5,36
2015-10-02,10.35,10.35,10.35,10.35,0,0,0,0,0,NaN,5,5,36
2015-10-01,10.35,10.35,10.35,10.35,942,0,0,0,0,Infinity,5,5,36
2015-09-30,10,10,10,10,0,-3.3816425120772875,-3.3816425120772875,-3.3816425120772875,-3.3816425120772875,-100,5,5,36
2015-09-29,10,10,10,10,70,0,0,0,0,Infinity,5,5,36
2015-09-28,10.7,9.8,10.7,9.8,2320,6.999999999999984,-1.9999999999999907,6.999999999999984,-1.9999999999999907,3214.2857142857147,5,5,36
2015-09-25,10.7,10.7,10.7,10.7,1000,0,9.183673469387731,0,9.183673469387731,-56.896551724137936,5,5,36
2015-09-24,10,8.75,10,9.6,569,-6.542056074766345,-18.224299065420556,-6.542056074766345,-10.280373831775702,-43.10000000000001,5,5,36
2015-09-23,10,9.95,10,10,13726,0,13.714285714285701,0,4.166666666666674,2312.302284710018,5,5,36
2015-09-22,11.9,11.9,11.9,11.9,0,18.999999999999993,19.59798994974875,18.999999999999993,18.999999999999993,-100,5,5,36
2015-09-21,11.9,11.9,11.9,11.9,0,0,0,0,0,NaN,5,5,36
2015-09-18,11.9,11.9,11.9,11.9,100,0,0,0,0,Infinity,5,5,36
2015-09-17,11.25,11.2,11.25,11.2,4125,-5.462184873949583,-5.882352941176483,-5.462184873949583,-5.882352941176483,4025,5,5,36
2015-09-16,11.7,11.7,11.7,11.7,0,4.0000000000000036,4.464285714285721,4.0000000000000036,4.464285714285721,-100,5,5,36
2015-09-15,11.7,11.7,11.7,11.7,100,0,0,0,0,Infinity,5,5,36
2015-09-14,11.1,11.1,11.1,11.1,225,-5.128205128205121,-5.128205128205121,-5.128205128205121,-5.128205128205121,125,5,5,36
2015-09-11,12.5,12.5,12.5,12.5,0,12.612612612612617,12.612612612612617,12.612612612612617,12.612612612612617,-100,5,5,36
2015-09-10,12.5,12.5,12.5,12.5,35,0,0,0,0,Infinity,5,5,36
2015-09-09,12.15,12,12,12.15,2189,-2.8000000000000025,-4.0000000000000036,-4.0000000000000036,-2.8000000000000025,6154.285714285715,5,5,36
2015-09-08,10.25,10.25,10.25,10.25,0,-15.637860082304533,-14.583333333333337,-14.583333333333337,-15.637860082304533,-100,5,5,36
2015-09-07,10.25,10.25,10.25,10.25,0,0,0,0,0,NaN,5,5,36
2015-09-04,10.25,10.25,10.25,10.25,0,0,0,0,0,NaN,5,5,36
2015-09-03,10.25,10.25,10.25,10.25,0,0,0,0,0,NaN,5,5,36
2015-09-02,10.25,10.25,10.25,10.25,0,0,0,0,0,NaN,5,5,36
2015-09-01,10.25,10.25,10.25,10.25,0,0,0,0,0,NaN,5,5,36
2015-08-31,10.25,10.25,10.25,10.25,0,0,0,0,0,NaN,5,5,36
2015-08-28,10.25,10.25,10.25,10.25,0,0,0,0,0,NaN,5,5,36
2015-08-27,10.25,10.25,10.25,10.25,0,0,0,0,0,NaN,5,5,36
2015-08-26,10.25,10.25,10.25,10.25,0,0,0,0,0,NaN,5,5,36
2015-08-25,10.25,10.25,10.25,10.25,0,0,0,0,0,NaN,5,5,36
2015-08-24,13.5,10.25,10.25,13.5,683,31.70731707317074,0,0,31.70731707317074,Infinity,5,5,36
2015-08-21,12.8,12.8,12.8,12.8,264,-5.185185185185182,24.878048780487806,24.878048780487806,-5.185185185185182,-61.34699853587116,5,5,36
2015-08-20,12.8,12.8,12.8,12.8,500,0,0,0,0,89.3939393939394,5,5,36
2015-08-19,15,15,15,15,0,17.1875,17.1875,17.1875,17.1875,-100,5,5,36
2015-08-18,15,15,15,15,0,0,0,0,0,NaN,5,5,36
2015-08-17,15,15,15,15,0,0,0,0,0,NaN,5,5,36
2015-08-14,15,12.8,15,12.8,50,0,-14.66666666666666,0,-14.66666666666666,Infinity,5,5,36
2015-08-13,15.8,15.8,15.8,15.8,0,5.3333333333333455,23.4375,5.3333333333333455,23.4375,-100,5,5,36
2015-08-12,15.8,15.8,15.8,15.8,0,0,0,0,0,NaN,5,5,36
2015-08-11,15.8,15.8,15.8,15.8,0,0,0,0,0,NaN,5,5,36
2015-08-10,15.8,15.8,15.8,15.8,150,0,0,0,0,Infinity,5,5,36
2015-08-07,13.15,13.15,13.15,13.15,0,-16.77215189873418,-16.77215189873418,-16.77215189873418,-16.77215189873418,-100,5,5,36
2015-08-06,13.15,13.15,13.15,13.15,0,0,0,0,0,NaN,5,5,36
2015-08-05,13.15,13.15,13.15,13.15,0,0,0,0,0,NaN,5,5,36
2015-08-04,13.15,13.15,13.15,13.15,0,0,0,0,0,NaN,5,5,36
2015-08-03,13.15,13.15,13.15,13.15,0,0,0,0,0,NaN,5,5,36
2015-07-31,13.15,13.15,13.15,13.15,0,0,0,0,0,NaN,5,5,36
2015-07-30,13.15,13.15,13.15,13.15,0,0,0,0,0,NaN,5,5,36
2015-07-29,13.15,13.15,13.15,13.15,200,0,0,0,0,Infinity,5,5,36
2015-07-28,13.95,13.95,13.95,13.95,0,6.083650190114054,6.083650190114054,6.083650190114054,6.083650190114054,-100,5,5,36
2015-07-27,13.95,13.05,13.95,13.1,668,0,-6.451612903225801,0,-6.093189964157708,Infinity,5,5,36
2015-07-24,14,14,14,14,0,0.35842293906811484,7.279693486590033,0.35842293906811484,6.870229007633588,-100,5,5,36
2015-07-23,14,14,14,14,0,0,0,0,0,NaN,5,5,36
2015-07-22,14,14,14,14,0,0,0,0,0,NaN,5,5,36
2015-07-21,14,14,14,14,0,0,0,0,0,NaN,5,5,36
2015-07-20,14,14,14,14,0,0,0,0,0,NaN,5,5,36
2015-07-17,14,14,14,14,0,0,0,0,0,NaN,5,5,36
2015-07-16,16.5,14,14,16.5,2288,17.85714285714286,0,0,17.85714285714286,Infinity,5,5,36
2015-07-15,14,14,14,14,0,-15.151515151515149,0,0,-15.151515151515149,-100,5,5,36
2015-07-14,14.05,14,14,14.05,300,0.3571428571428559,0,0,0.3571428571428559,Infinity,5,5,36
2015-07-13,14,14,14,14,80,-0.3558718861210064,0,0,-0.3558718861210064,-73.33333333333334,5,5,36
2015-07-10,15.9,14,14,15.9,559,13.571428571428568,0,0,13.571428571428568,598.75,5,5,36
2015-07-09,12.1,12.1,12.1,12.1,7,-23.899371069182397,-13.571428571428578,-13.571428571428578,-23.899371069182397,-98.74776386404294,5,5,36
2015-07-08,16.2,12,16.2,12,100,33.88429752066116,-0.8264462809917328,33.88429752066116,-0.8264462809917328,1328.5714285714287,5,5,36
2015-07-07,16.5,16.5,16.5,16.5,4,1.85185185185186,37.5,1.85185185185186,37.5,-96,5,5,36
2015-07-06,16.5,16.5,16.5,16.5,383,0,0,0,0,9475,5,5,36
2015-07-03,12,12,12,12,0,-27.27272727272727,-27.27272727272727,-27.27272727272727,-27.27272727272727,-100,5,5,36
2015-07-02,12,12,12,12,0,0,0,0,0,NaN,5,5,36
2015-07-01,12,12,12,12,0,0,0,0,0,NaN,5,5,36
2015-06-30,12,12,12,12,0,0,0,0,0,NaN,5,5,36
2015-06-29,12,12,12,12,0,0,0,0,0,NaN,5,5,36
2015-06-26,12,12,12,12,0,0,0,0,0,NaN,5,5,36
2015-06-25,12,12,12,12,0,0,0,0,0,NaN,5,5,36
2015-06-24,12,12,12,12,0,0,0,0,0,NaN,5,5,36
2015-06-23,12,12,12,12,0,0,0,0,0,NaN,5,5,36
2015-06-22,12,12,12,12,20,0,0,0,0,Infinity,5,5,36
2015-06-18,14.8,14.8,14.8,14.8,0,23.33333333333334,23.33333333333334,23.33333333333334,23.33333333333334,-100,5,5,36
2015-06-17,14.8,14.8,14.8,14.8,0,0,0,0,0,NaN,5,5,36
2015-06-16,14.8,14.8,14.8,14.8,0,0,0,0,0,NaN,5,5,36
2015-06-15,14.8,14.8,14.8,14.8,0,0,0,0,0,NaN,5,5,36
2015-06-12,14.8,14.8,14.8,14.8,0,0,0,0,0,NaN,5,5,36
2015-06-11,14.8,14.8,14.8,14.8,0,0,0,0,0,NaN,5,5,36
2015-06-10,14.8,14.8,14.8,14.8,0,0,0,0,0,NaN,5,5,36
2015-06-09,14.8,14.8,14.8,14.8,0,0,0,0,0,NaN,5,5,36
2015-06-08,14.8,14.8,14.8,14.8,0,0,0,0,0,NaN,5,5,36
2015-06-05,14.8,14.8,14.8,14.8,0,0,0,0,0,NaN,5,5,36
2015-06-04,16.4,14.8,14.8,16.4,500,10.81081081081079,0,0,10.81081081081079,Infinity,5,5,36
2015-06-03,15.5,15,15.5,15,1950,-5.487804878048774,1.3513513513513375,4.729729729729715,-8.536585365853655,290,5,5,36
2015-06-02,15,15,15,15,0,-3.2258064516129004,0,-3.2258064516129004,0,-100,5,5,36
2015-06-01,15,15,15,15,1000,0,0,0,0,Infinity,5,5,36
2015-05-29,15,15,15,15,0,0,0,0,0,-100,5,5,36
2015-05-28,15,15,15,15,0,0,0,0,0,NaN,5,5,36
2015-05-27,15,15,15,15,0,0,0,0,0,NaN,5,5,36
2015-05-26,15,15,15,15,0,0,0,0,0,NaN,5,5,36
2015-05-25,15,15,15,15,500,0,0,0,0,Infinity,5,5,36
2015-05-22,15,15,15,15,0,0,0,0,0,-100,5,5,36
2015-05-21,15,15,15,15,0,0,0,0,0,NaN,5,5,36
2015-05-20,15,15,15,15,0,0,0,0,0,NaN,5,5,36
2015-05-20,15,15,15,15,0,0,0,0,0,NaN,5,5,36
2015-05-20,15,15,15,15,0,0,0,0,0,NaN,5,5,36
2015-05-20,15,15,15,15,0,0,0,0,0,NaN,5,5,36
2015-05-20,15,15,15,15,0,0,0,0,0,NaN,5,5,36
2015-05-20,15,15,15,15,0,0,0,0,0,NaN,5,5,36
2015-05-20,15,15,15,15,0,0,0,0,0,NaN,5,5,36
2015-05-20,15,15,15,15,0,0,0,0,0,NaN,5,5,36
2015-05-20,15,15,15,15,0,0,0,0,0,NaN,5,5,36
2015-05-19,15,15,15,15,776,0,0,0,0,Infinity,5,5,36
2015-05-18,15,15,15,15,0,0,0,0,0,-100,5,5,36
2015-05-18,15,15,15,15,0,0,0,0,0,NaN,5,5,36
2015-05-18,15,15,15,15,0,0,0,0,0,NaN,5,5,36
2015-05-18,15,15,15,15,0,0,0,0,0,NaN,5,5,36
2015-05-18,15,15,15,15,0,0,0,0,0,NaN,5,5,36
2015-05-18,15,15,15,15,0,0,0,0,0,NaN,5,5,36
2015-05-18,14.3,14.3,14.3,14.3,0,-4.666666666666663,-4.666666666666663,-4.666666666666663,-4.666666666666663,NaN,5,5,36
2015-05-15,14.3,14.3,14.3,14.3,0,0,0,0,0,NaN,5,5,36
2015-05-13,14.3,14.3,14.3,14.3,0,0,0,0,0,NaN,5,5,36
2015-05-12,14.3,14.3,14.3,14.3,0,0,0,0,0,NaN,5,5,36
2015-05-11,14.3,14.3,14.3,14.3,0,0,0,0,0,NaN,5,5,36
2015-05-08,14.3,14.3,14.3,14.3,26,0,0,0,0,Infinity,5,5,36
2015-05-07,14.1,14.1,14.1,14.1,570,-1.3986013986014068,-1.3986013986014068,-1.3986013986014068,-1.3986013986014068,2092.3076923076924,5,5,36
2015-05-06,14.1,14.1,14.1,14.1,35,0,0,0,0,-93.85964912280701,5,5,36
2015-05-05,15.5,15.5,15.5,15.5,225,9.92907801418439,9.92907801418439,9.92907801418439,9.92907801418439,542.8571428571429,5,5,36
2015-05-04,15.5,15.5,15.5,15.5,0,0,0,0,0,-100,5,5,36
2015-04-29,15.5,15.5,15.5,15.5,0,0,0,0,0,NaN,5,5,36
2015-04-28,15.5,15.5,15.5,15.5,0,0,0,0,0,NaN,5,5,36
2015-04-27,15.5,15.5,15.5,15.5,0,0,0,0,0,NaN,5,5,36
2015-04-24,15.5,15.5,15.5,15.5,0,0,0,0,0,NaN,5,5,36
2015-04-23,15.5,15.5,15.5,15.5,400,0,0,0,0,Infinity,5,5,36
2015-04-22,16.8,16.8,16.8,16.8,0,8.387096774193559,8.387096774193559,8.387096774193559,8.387096774193559,-100,5,5,36
2015-04-21,16.8,16.8,16.8,16.8,0,0,0,0,0,NaN,5,5,36
2015-04-20,16.8,16.8,16.8,16.8,0,0,0,0,0,NaN,5,5,36
2015-04-17,16.8,16.8,16.8,16.8,0,0,0,0,0,NaN,5,5,36
2015-04-16,16.8,16.8,16.8,16.8,0,0,0,0,0,NaN,5,5,36
2015-04-15,16.8,16.8,16.8,16.8,0,0,0,0,0,NaN,5,5,36
2015-04-14,16.9,16.8,16.8,16.9,1834,0.5952380952380931,0,0,0.5952380952380931,Infinity,5,5,36
2015-04-13,16.8,16.8,16.8,16.8,1000,-0.5917159763313529,0,0,-0.5917159763313529,-45.47437295528899,5,5,36
2015-04-10,15.3,15.3,15.3,15.3,0,-8.92857142857143,-8.92857142857143,-8.92857142857143,-8.92857142857143,-100,5,5,36
2015-04-09,15.3,15.3,15.3,15.3,75,0,0,0,0,Infinity,5,5,36
2015-04-08,15.6,15.6,15.6,15.6,0,1.9607843137254832,1.9607843137254832,1.9607843137254832,1.9607843137254832,-100,5,5,36
2015-04-07,15.6,15.6,15.6,15.6,400,0,0,0,0,Infinity,5,5,36
2015-04-02,15.3,15.3,15.3,15.3,0,-1.9230769230769162,-1.9230769230769162,-1.9230769230769162,-1.9230769230769162,-100,5,5,36
2015-04-01,15.3,15.3,15.3,15.3,0,0,0,0,0,NaN,5,5,36
2015-03-31,15.3,15.3,15.3,15.3,0,0,0,0,0,NaN,5,5,36
2015-03-30,15.3,15.3,15.3,15.3,0,0,0,0,0,NaN,5,5,36
2015-03-27,15.3,15.3,15.3,15.3,0,0,0,0,0,NaN,5,5,36
2015-03-26,15.3,15.3,15.3,15.3,0,0,0,0,0,NaN,5,5,36
2015-03-25,15.3,15.3,15.3,15.3,0,0,0,0,0,NaN,5,5,36
2015-03-24,15.3,15.3,15.3,15.3,0,0,0,0,0,NaN,5,5,36
2015-03-23,15.3,15.3,15.3,15.3,0,0,0,0,0,NaN,5,5,36
2015-03-20,15.5,15.3,15.3,15.5,1875,1.3071895424836555,0,0,1.3071895424836555,Infinity,5,5,36
2015-03-19,15,15,15,15,525,-3.2258064516129004,-1.9607843137254943,-1.9607843137254943,-3.2258064516129004,-72,5,5,36
2015-03-18,15,15,15,15,0,0,0,0,0,-100,5,5,36
2015-03-17,15,15,15,15,0,0,0,0,0,NaN,5,5,36
2015-03-16,15,15,15,15,730,0,0,0,0,Infinity,5,5,36
2015-03-13,14.1,14.1,14.1,14.1,125,-6.000000000000005,-6.000000000000005,-6.000000000000005,-6.000000000000005,-82.87671232876713,5,5,36
2015-03-12,14.1,14.1,14.1,14.1,0,0,0,0,0,-100,5,5,36
2015-03-11,14.1,14.1,14.1,14.1,0,0,0,0,0,NaN,5,5,36
2015-03-10,15.5,14.1,14.1,15.5,250,9.92907801418439,0,0,9.92907801418439,Infinity,5,5,36
2015-03-09,14.1,14.1,14.1,14.1,5000,-9.03225806451613,0,0,-9.03225806451613,1900,5,5,36
2015-03-06,13,13,13,13,0,-7.801418439716312,-7.801418439716312,-7.801418439716312,-7.801418439716312,-100,5,5,36
2015-03-05,13,12.35,13,12.35,1000,0,-5.000000000000004,0,-5.000000000000004,Infinity,5,5,36
2015-03-04,14,13,13,14,1485,7.692307692307687,5.263157894736836,0,13.36032388663968,48.50000000000001,5,5,36
2015-03-03,13.95,13.95,13.95,13.95,0,-0.357142857142867,7.307692307692304,7.307692307692304,-0.357142857142867,-100,5,5,36
2015-03-02,13.95,13.95,13.95,13.95,0,0,0,0,0,NaN,5,5,36
2015-02-27,13.95,13.95,13.95,13.95,0,0,0,0,0,NaN,5,5,36
2015-02-26,13.95,13.95,13.95,13.95,0,0,0,0,0,NaN,5,5,36
2015-02-25,14,13.8,13.95,13.8,720,0.35842293906811484,-1.075268817204289,0,-1.075268817204289,Infinity,5,5,36
2015-02-24,13.85,13.8,13.8,13.85,1850,-1.0714285714285787,0,-1.075268817204289,0.36231884057971175,156.94444444444446,5,5,36
2015-02-23,15,15,15,15,0,8.303249097472932,8.695652173913038,8.695652173913038,8.303249097472932,-100,5,5,36
2015-02-20,15,15,15,15,0,0,0,0,0,NaN,5,5,36
2015-02-19,15,15,15,15,400,0,0,0,0,Infinity,5,5,36
2015-02-18,14.35,14.35,14.35,14.35,0,-4.333333333333334,-4.333333333333334,-4.333333333333334,-4.333333333333334,-100,5,5,36
2015-02-17,14.35,14.35,14.35,14.35,125,0,0,0,0,Infinity,5,5,36
2015-02-16,14.35,14.35,14.35,14.35,100,0,0,0,0,-19.999999999999996,5,5,36
2015-02-13,14.35,14.35,14.35,14.35,0,0,0,0,0,-100,5,5,36
2015-02-12,14.35,14.35,14.35,14.35,0,0,0,0,0,NaN,5,5,36
2015-02-11,14.35,14.35,14.35,14.35,0,0,0,0,0,NaN,5,5,36
2015-02-10,14.35,12.35,14.35,12.35,34,0,-13.937282229965152,0,-13.937282229965152,Infinity,5,5,36
2015-02-10,14.35,12.35,14.35,12.35,34,0,0,0,0,0,5,5,36
2015-02-09,14.35,14.35,14.35,14.35,0,0,16.194331983805665,0,16.194331983805665,-100,5,5,36
2015-02-06,14.35,14.35,14.35,14.35,0,0,0,0,0,NaN,5,5,36
2015-02-05,14.35,14.35,14.35,14.35,78,0,0,0,0,Infinity,5,5,36
2015-02-04,13,13,13,13,0,-9.40766550522648,-9.40766550522648,-9.40766550522648,-9.40766550522648,-100,5,5,36
2015-02-03,13,13,13,13,0,0,0,0,0,NaN,5,5,36
2015-02-02,13,13,13,13,0,0,0,0,0,NaN,5,5,36
2015-01-30,13,13,13,13,0,0,0,0,0,NaN,5,5,36
2015-01-29,13,13,13,13,1000,0,0,0,0,Infinity,5,5,36
2015-01-28,13,13,13,13,0,0,0,0,0,-100,5,5,36
2015-01-27,13,12.95,13,12.95,4269,0,-0.38461538461539435,0,-0.38461538461539435,Infinity,5,5,36
2015-01-26,13.45,13.45,13.45,13.45,0,3.4615384615384492,3.8610038610038533,3.4615384615384492,3.8610038610038533,-100,5,5,36
2015-01-23,13.45,13,13.45,13,2151,0,-3.3457249070631967,0,-3.3457249070631967,Infinity,5,5,36
2015-01-22,14,14,14,14,0,4.089219330855021,7.692307692307687,4.089219330855021,7.692307692307687,-100,5,5,36
2015-01-21,14,14,14,14,0,0,0,0,0,NaN,5,5,36
2015-01-20,14,13.95,14,14,1854,0,-0.357142857142867,0,0,Infinity,5,5,36
2015-01-19,15.7,15.7,15.7,15.7,0,12.142857142857144,12.54480286738351,12.142857142857144,12.142857142857144,-100,5,5,36
2015-01-16,15.7,15.7,15.7,15.7,0,0,0,0,0,NaN,5,5,36
2015-01-15,15.7,15.7,15.7,15.7,0,0,0,0,0,NaN,5,5,36
2015-01-14,16,15.7,15.7,16,157,1.9108280254777066,0,0,1.9108280254777066,Infinity,5,5,36
2015-01-13,14.1,14.1,14.1,14.1,30,-11.875000000000002,-10.191082802547768,-10.191082802547768,-11.875000000000002,-80.89171974522293,5,5,36
2015-01-12,14.7,14.7,14.7,14.7,0,4.255319148936176,4.255319148936176,4.255319148936176,4.255319148936176,-100,5,5,36
2015-01-09,14.7,14.7,14.7,14.7,50,0,0,0,0,Infinity,5,5,36
2015-01-08,14,14,14,14,0,-4.761904761904756,-4.761904761904756,-4.761904761904756,-4.761904761904756,-100,5,5,36
2015-01-07,14,14,14,14,0,0,0,0,0,NaN,5,5,36
2015-01-05,14,14,14,14,0,0,0,0,0,NaN,5,5,36
2015-01-02,14,14,14,14,1,0,0,0,0,Infinity,5,5,36
2014-12-30,14.25,14,14,14.25,1190,1.7857142857142794,0,0,1.7857142857142794,118900,5,5,36
2014-12-29,14.2,14.2,14.2,14.2,10,-0.35087719298245723,1.4285714285714235,1.4285714285714235,-0.35087719298245723,-99.15966386554622,5,5,36
2014-12-23,14,14,14,14,58,-1.4084507042253502,-1.4084507042253502,-1.4084507042253502,-1.4084507042253502,480,5,5,36
2014-12-22,16.2,16.2,16.2,16.2,0,15.714285714285703,15.714285714285703,15.714285714285703,15.714285714285703,-100,5,5,36
2014-12-19,16.2,16.2,16.2,16.2,0,0,0,0,0,NaN,5,5,36
2014-12-18,16.2,16.2,16.2,16.2,0,0,0,0,0,NaN,5,5,36
2014-12-17,16.2,16.2,16.2,16.2,0,0,0,0,0,NaN,5,5,36
2014-12-16,16.2,16.2,16.2,16.2,0,0,0,0,0,NaN,5,5,36
2014-12-15,16.2,16.2,16.2,16.2,9,0,0,0,0,Infinity,5,5,36
2014-12-12,14,14,14,14,0,-13.58024691358024,-13.58024691358024,-13.58024691358024,-13.58024691358024,-100,5,5,36
2014-12-11,14,14,14,14,0,0,0,0,0,NaN,5,5,36
2014-12-10,14,14,14,14,0,0,0,0,0,NaN,5,5,36
2014-12-09,15.1,14,14,15.1,2000,7.857142857142851,0,0,7.857142857142851,Infinity,5,5,36
2014-12-08,18,18,18,18,11,19.20529801324504,28.57142857142858,28.57142857142858,19.20529801324504,-99.45,5,5,36
2014-12-05,14.2,14.2,14.2,14.2,25,-21.111111111111114,-21.111111111111114,-21.111111111111114,-21.111111111111114,127.2727272727273,5,5,36
2014-12-04,17.5,17.5,17.5,17.5,0,23.239436619718322,23.239436619718322,23.239436619718322,23.239436619718322,-100,5,5,36
2014-12-03,17.5,17.5,17.5,17.5,0,0,0,0,0,NaN,5,5,36
2014-12-02,17.5,17.5,17.5,17.5,0,0,0,0,0,NaN,5,5,36
2014-12-01,17.5,17.5,17.5,17.5,383,0,0,0,0,Infinity,5,5,36
2014-11-28,17.5,16.7,17.5,16.9,2272,0,-4.571428571428571,0,-3.4285714285714364,493.2114882506528,5,5,36
2014-11-27,16.9,15.4,16.9,15.4,1410,-3.4285714285714364,-7.784431137724546,-3.4285714285714364,-8.875739644970404,-37.940140845070424,5,5,36
2014-11-26,13.65,13.65,13.65,13.65,0,-19.23076923076922,-11.363636363636365,-19.23076923076922,-11.363636363636365,-100,5,5,36
2014-11-25,13.65,13.65,13.65,13.65,0,0,0,0,0,NaN,5,5,36
2014-11-24,13.65,13.65,13.65,13.65,0,0,0,0,0,NaN,5,5,36
2014-11-21,13.65,13.65,13.65,13.65,0,0,0,0,0,NaN,5,5,36
2014-11-20,13.65,13.65,13.65,13.65,0,0,0,0,0,NaN,5,5,36
2014-11-19,13.65,13.65,13.65,13.65,0,0,0,0,0,NaN,5,5,36
2014-11-18,13.65,13.65,13.65,13.65,0,0,0,0,0,NaN,5,5,36
2014-11-17,13.65,13.65,13.65,13.65,0,0,0,0,0,NaN,5,5,36
2014-11-14,13.65,13.65,13.65,13.65,0,0,0,0,0,NaN,5,5,36
2014-11-13,13.65,13.65,13.65,13.65,0,0,0,0,0,NaN,5,5,36
2014-11-12,13.65,13.65,13.65,13.65,0,0,0,0,0,NaN,5,5,36
2014-11-11,13.65,13.65,13.65,13.65,0,0,0,0,0,NaN,5,5,36
2014-11-10,13.65,13.65,13.65,13.65,0,0,0,0,0,NaN,5,5,36
2014-11-07,13.65,13.65,13.65,13.65,20,0,0,0,0,Infinity,5,5,36
2014-11-06,13.65,13.65,13.65,13.65,10,0,0,0,0,-50,5,5,36
2014-11-05,16.8,16.8,16.8,16.8,21,23.076923076923084,23.076923076923084,23.076923076923084,23.076923076923084,110.00000000000001,5,5,36
2014-11-04,16.3,16.3,16.3,16.3,62,-2.9761904761904767,-2.9761904761904767,-2.9761904761904767,-2.9761904761904767,195.23809523809524,5,5,36
2014-11-03,13.7,13.7,13.7,13.7,0,-15.95092024539878,-15.95092024539878,-15.95092024539878,-15.95092024539878,-100,5,5,36
2014-10-31,13.7,13.7,13.7,13.7,0,0,0,0,0,NaN,5,5,36
2014-10-30,14.7,13.7,13.7,14.7,1475,7.299270072992692,0,0,7.299270072992692,Infinity,5,5,36
2014-10-29,14.7,14.7,14.7,14.7,0,0,7.299270072992692,7.299270072992692,0,-100,5,5,36
2014-10-28,14.7,14.7,14.7,14.7,0,0,0,0,0,NaN,5,5,36
2014-10-27,14.7,14.7,14.7,14.7,0,0,0,0,0,NaN,5,5,36
2014-10-24,14.7,14.7,14.7,14.7,0,0,0,0,0,NaN,5,5,36
2014-10-23,14.7,14.7,14.7,14.7,0,0,0,0,0,NaN,5,5,36
2014-10-22,14.7,14.7,14.7,14.7,500,0,0,0,0,Infinity,5,5,36
2014-10-21,14.7,14.7,14.7,14.7,100,0,0,0,0,-80,5,5,36
2014-10-20,14.5,14.5,14.5,14.5,0,-1.3605442176870652,-1.3605442176870652,-1.3605442176870652,-1.3605442176870652,-100,5,5,36
2014-10-17,14.5,14.5,14.5,14.5,100,0,0,0,0,Infinity,5,5,36
2014-10-16,14.95,14.2,14.9,14.2,4700,3.103448275862064,-2.0689655172413834,2.758620689655178,-2.0689655172413834,4600,5,5,36
2014-10-15,14.8,14.8,14.8,14.8,0,-1.0033444816053394,4.225352112676073,-0.6711409395973145,4.225352112676073,-100,5,5,36
2014-10-14,14.8,14.8,14.8,14.8,0,0,0,0,0,NaN,5,5,36
2014-10-13,14.8,14.8,14.8,14.8,0,0,0,0,0,NaN,5,5,36
2014-10-10,14.8,14.8,14.8,14.8,0,0,0,0,0,NaN,5,5,36
2014-10-09,14.8,14.8,14.8,14.8,398,0,0,0,0,Infinity,5,5,36
2014-10-08,14.75,14.75,14.75,14.75,0,-0.33783783783783994,-0.33783783783783994,-0.33783783783783994,-0.33783783783783994,-100,5,5,36
2014-10-07,14.75,14.75,14.75,14.75,0,0,0,0,0,NaN,5,5,36
2014-10-06,14.75,14.75,14.75,14.75,0,0,0,0,0,NaN,5,5,36
2014-10-03,17.2,14.75,14.75,17.2,263,16.61016949152543,0,0,16.61016949152543,Infinity,5,5,36
2014-10-02,17.4,17.4,17.4,17.4,0,1.1627906976744207,17.96610169491524,17.96610169491524,1.1627906976744207,-100,5,5,36
2014-10-01,17.4,17.4,17.4,17.4,0,0,0,0,0,NaN,5,5,36
2014-09-30,17.4,17.4,17.4,17.4,0,0,0,0,0,NaN,5,5,36
2014-09-29,17.4,17.4,17.4,17.4,0,0,0,0,0,NaN,5,5,36
2014-09-26,17.4,17.4,17.4,17.4,0,0,0,0,0,NaN,5,5,36
2014-09-25,17.4,17.4,17.4,17.4,0,0,0,0,0,NaN,5,5,36
2014-09-24,17.4,17.4,17.4,17.4,0,0,0,0,0,NaN,5,5,36
2014-09-23,17.4,17.4,17.4,17.4,0,0,0,0,0,NaN,5,5,36
2014-09-22,17.4,17.4,17.4,17.4,0,0,0,0,0,NaN,5,5,36
2014-09-19,17.4,16.4,17.4,16.4,44215,0,-5.747126436781613,0,-5.747126436781613,Infinity,5,5,36
2014-09-18,16.3,16.2,16.3,16.2,25000,-6.321839080459757,-1.2195121951219523,-6.321839080459757,-1.2195121951219523,-43.45810245391836,5,5,36
2014-09-17,15.5,15.5,15.5,15.5,250,-4.907975460122705,-4.320987654320985,-4.907975460122705,-4.320987654320985,-99,5,5,36
2014-09-16,15,15,15,15,0,-3.2258064516129004,-3.2258064516129004,-3.2258064516129004,-3.2258064516129004,-100,5,5,36
2014-09-15,15,15,15,15,0,0,0,0,0,NaN,5,5,36
2014-09-12,15,15,15,15,0,0,0,0,0,NaN,5,5,36
2014-09-11,15,15,15,15,0,0,0,0,0,NaN,5,5,36
2014-09-10,15,15,15,15,0,0,0,0,0,NaN,5,5,36
2014-09-09,15,15,15,15,0,0,0,0,0,NaN,5,5,36
2014-09-08,15,15,15,15,0,0,0,0,0,NaN,5,5,36
2014-09-05,15,15,15,15,0,0,0,0,0,NaN,5,5,36
2014-09-04,15,15,15,15,400,0,0,0,0,Infinity,5,5,36
2014-09-03,14.1,14.1,14.1,14.1,0,-6.000000000000005,-6.000000000000005,-6.000000000000005,-6.000000000000005,-100,5,5,36
2014-09-02,14.1,14.1,14.1,14.1,0,0,0,0,0,NaN,5,5,36
2014-09-01,14.1,14.1,14.1,14.1,0,0,0,0,0,NaN,5,5,36
2014-08-29,14.1,14.1,14.1,14.1,0,0,0,0,0,NaN,5,5,36
2014-08-28,14.1,14.1,14.1,14.1,0,0,0,0,0,NaN,5,5,36
2014-08-27,14.1,14.1,14.1,14.1,0,0,0,0,0,NaN,5,5,36
2014-08-26,14.1,14.1,14.1,14.1,0,0,0,0,0,NaN,5,5,36
2014-08-25,14.1,14.1,14.1,14.1,0,0,0,0,0,NaN,5,5,36
2014-08-22,14.1,14.1,14.1,14.1,250,0,0,0,0,Infinity,5,5,36
2014-08-21,15,15,15,15,0,6.382978723404253,6.382978723404253,6.382978723404253,6.382978723404253,-100,5,5,36
2014-08-20,15,15,15,15,0,0,0,0,0,NaN,5,5,36
2014-08-19,15,15,15,15,0,0,0,0,0,NaN,5,5,36
2014-08-18,15,15,15,15,0,0,0,0,0,NaN,5,5,36
2014-08-15,15,15,15,15,0,0,0,0,0,NaN,5,5,36
2014-08-14,15,15,15,15,0,0,0,0,0,NaN,5,5,36
2014-08-13,15,15,15,15,0,0,0,0,0,NaN,5,5,36
2014-08-12,15,15,15,15,0,0,0,0,0,NaN,5,5,36
2014-08-11,15,15,15,15,1000,0,0,0,0,Infinity,5,5,36
2014-08-08,16.8,16.8,16.8,16.8,0,12.00000000000001,12.00000000000001,12.00000000000001,12.00000000000001,-100,5,5,36
2014-08-07,16.8,16.8,16.8,16.8,0,0,0,0,0,NaN,5,5,36
2014-08-06,16.8,16.8,16.8,16.8,0,0,0,0,0,NaN,5,5,36
2014-08-05,16.8,16.8,16.8,16.8,0,0,0,0,0,NaN,5,5,36
2014-08-04,16.8,16.8,16.8,16.8,0,0,0,0,0,NaN,5,5,36
2014-08-01,16.8,16.8,16.8,16.8,0,0,0,0,0,NaN,5,5,36
2014-07-31,16.8,16.8,16.8,16.8,0,0,0,0,0,NaN,5,5,36
2014-07-30,16.8,16.8,16.8,16.8,0,0,0,0,0,NaN,5,5,36
2014-07-29,16.8,16.8,16.8,16.8,0,0,0,0,0,NaN,5,5,36
2014-07-28,16.8,16.8,16.8,16.8,0,0,0,0,0,NaN,5,5,36
2014-07-25,16.8,16.8,16.8,16.8,0,0,0,0,0,NaN,5,5,36
2014-07-24,16.8,16.8,16.8,16.8,0,0,0,0,0,NaN,5,5,36
2014-07-23,16.8,16.8,16.8,16.8,0,0,0,0,0,NaN,5,5,36
2014-07-22,16.8,16.8,16.8,16.8,0,0,0,0,0,NaN,5,5,36
2014-07-21,16.8,16.8,16.8,16.8,2000,0,0,0,0,Infinity,5,5,36
2014-07-18,16.8,16.8,16.8,16.8,10,0,0,0,0,-99.5,5,5,36
2014-07-17,16.4,15.9,16.3,15.9,9379,-2.3809523809523947,-5.35714285714286,-2.9761904761904767,-5.35714285714286,93690,5,5,36
2014-07-16,14.95,14.95,14.95,14.95,0,-8.841463414634143,-5.974842767295607,-8.282208588957063,-5.974842767295607,-100,5,5,36
2014-07-15,14.95,14.95,14.95,14.95,629,0,0,0,0,Infinity,5,5,36
2014-07-14,15,14.95,14.95,15,2000,0.33444816053511683,0,0,0.33444816053511683,217.96502384737678,5,5,36
2014-07-11,15.8,15.8,15.8,15.8,0,5.3333333333333455,5.685618729097008,5.685618729097008,5.3333333333333455,-100,5,5,36
2014-07-10,15.8,15.8,15.8,15.8,0,0,0,0,0,NaN,5,5,36
2014-07-09,15.8,15.8,15.8,15.8,0,0,0,0,0,NaN,5,5,36
2014-07-08,15.8,15.8,15.8,15.8,0,0,0,0,0,NaN,5,5,36
2014-07-07,15.8,15.8,15.8,15.8,0,0,0,0,0,NaN,5,5,36
2014-07-04,15.8,15.8,15.8,15.8,0,0,0,0,0,NaN,5,5,36
2014-07-03,15.8,15.8,15.8,15.8,21,0,0,0,0,Infinity,5,5,36
2014-07-02,15.4,15,15.4,15,11885,-2.5316455696202556,-5.063291139240511,-2.5316455696202556,-5.063291139240511,56495.2380952381,5,5,36
2014-07-01,15.3,13.7,15,15.3,2012,-0.649350649350644,-8.666666666666668,-2.5974025974025983,2.0000000000000018,-83.07109802271772,5,5,36
2014-06-30,15.4,13.1,15.4,14,4270,0.6535947712418277,-4.379562043795615,2.6666666666666616,-8.496732026143794,112.22664015904571,5,5,36
2014-06-27,15.3,14.35,15.3,14.35,270,-0.649350649350644,9.541984732824439,-0.649350649350644,2.499999999999991,-93.6768149882904,5,5,36
2014-06-26,15.4,15.4,15.4,15.4,0,0.6535947712418277,7.317073170731714,0.6535947712418277,7.317073170731714,-100,5,5,36
2014-06-25,15.4,15.4,15.4,15.4,7,0,0,0,0,Infinity,5,5,36
2014-06-24,14.95,14.95,14.95,14.95,0,-2.922077922077926,-2.922077922077926,-2.922077922077926,-2.922077922077926,-100,5,5,36
2014-06-23,14.95,14.95,14.95,14.95,0,0,0,0,0,NaN,5,5,36
2014-06-19,14.95,14.95,14.95,14.95,10000,0,0,0,0,Infinity,5,5,36
2014-06-18,14.95,14.95,14.95,14.95,0,0,0,0,0,-100,5,5,36
2014-06-17,14.95,14.95,14.95,14.95,10000,0,0,0,0,Infinity,5,5,36
2014-06-16,15,15,15,15,0,0.33444816053511683,0.33444816053511683,0.33444816053511683,0.33444816053511683,-100,5,5,36
2014-06-13,15,15,15,15,991,0,0,0,0,Infinity,5,5,36
2014-06-12,15,15,15,15,0,0,0,0,0,-100,5,5,36
2014-06-11,15.4,15,15,15.3,715,2.6666666666666616,0,0,2.0000000000000018,Infinity,5,5,36
2014-06-10,15.4,15.4,15.4,15.4,0,0,2.6666666666666616,2.6666666666666616,0.6535947712418277,-100,5,5,36
2014-06-09,15.4,15.4,15.4,15.4,0,0,0,0,0,NaN,5,5,36
2014-06-05,15.4,15.4,15.4,15.4,0,0,0,0,0,NaN,5,5,36
2014-06-04,15.4,15.4,15.4,15.4,0,0,0,0,0,NaN,5,5,36
2014-06-03,15.4,14.4,15.4,14.4,109,0,-6.493506493506496,0,-6.493506493506496,Infinity,5,5,36
2014-06-02,15.8,15.8,15.8,15.8,11,2.5974025974025983,9.722222222222232,2.5974025974025983,9.722222222222232,-89.90825688073394,5,5,36
2014-05-30,14.9,14.9,14.9,14.9,0,-5.696202531645566,-5.696202531645566,-5.696202531645566,-5.696202531645566,-100,5,5,36
2014-05-28,14.9,14.9,14.9,14.9,0,0,0,0,0,NaN,5,5,36
2014-05-27,14.9,14.9,14.9,14.9,0,0,0,0,0,NaN,5,5,36
2014-05-26,16.2,14.9,14.9,16.2,7100,8.7248322147651,0,0,8.7248322147651,Infinity,5,5,36
2014-05-23,16.2,16.2,16.2,16.2,300,0,8.7248322147651,8.7248322147651,0,-95.77464788732395,5,5,36
2014-05-22,15.2,15.2,15.2,15.2,0,-6.172839506172845,-6.172839506172845,-6.172839506172845,-6.172839506172845,-100,5,5,36
2014-05-21,15.2,15.2,15.2,15.2,0,0,0,0,0,NaN,5,5,36
2014-05-20,16.3,15.2,15.2,16.3,6100,7.236842105263164,0,0,7.236842105263164,Infinity,5,5,36
2014-05-19,14.45,14.45,14.45,14.45,0,-11.349693251533754,-4.934210526315786,-4.934210526315786,-11.349693251533754,-100,5,5,36
2014-05-16,14.45,14.45,14.45,14.45,0,0,0,0,0,NaN,5,5,36
2014-05-15,14.45,14.45,14.45,14.45,500,0,0,0,0,Infinity,5,5,36
2014-05-14,16.3,16.3,16.3,16.3,0,12.802768166089983,12.802768166089983,12.802768166089983,12.802768166089983,-100,5,5,36
2014-05-13,16.3,16,16.3,16,770,0,-1.8404907975460127,0,-1.8404907975460127,Infinity,5,5,36
2014-05-12,16.9,15,15,16.9,7125,3.6809815950920033,-6.25,-7.9754601226993955,5.624999999999991,825.3246753246752,5,5,36
2014-05-09,16,16,16,16,2000,-5.325443786982243,6.666666666666665,6.666666666666665,-5.325443786982243,-71.9298245614035,5,5,36
2014-05-08,14.7,14.7,14.7,14.7,0,-8.125000000000004,-8.125000000000004,-8.125000000000004,-8.125000000000004,-100,5,5,36
2014-05-07,14.7,14.7,14.7,14.7,0,0,0,0,0,NaN,5,5,36
2014-05-06,14.7,14.7,14.7,14.7,0,0,0,0,0,NaN,5,5,36
2014-05-05,14.7,14.7,14.7,14.7,20,0,0,0,0,Infinity,5,5,36
2014-05-02,15.8,14.7,14.7,15.8,500,7.48299319727892,0,0,7.48299319727892,2400,5,5,36
2014-04-30,15.2,15.2,15.2,15.2,3145,-3.797468354430389,3.401360544217691,3.401360544217691,-3.797468354430389,529,5,5,36
2014-04-29,15.2,15.2,15.2,15.2,2255,0,0,0,0,-28.298887122416538,5,5,36
2014-04-28,15,15,15,15,0,-1.3157894736842035,-1.3157894736842035,-1.3157894736842035,-1.3157894736842035,-100,5,5,36
2014-04-25,15,15,15,15,200,0,0,0,0,Infinity,5,5,36
2014-04-24,16.5,16.5,16.5,16.5,0,10.000000000000009,10.000000000000009,10.000000000000009,10.000000000000009,-100,5,5,36
2014-04-23,16.5,16.5,16.5,16.5,22,0,0,0,0,Infinity,5,5,36
2014-04-22,15,14.1,15,15,1038,-9.090909090909093,-14.54545454545455,-9.090909090909093,-9.090909090909093,4618.181818181818,5,5,36
2014-04-17,15.3,15,15,15.3,2100,2.0000000000000018,6.382978723404253,0,2.0000000000000018,102.31213872832372,5,5,36
2014-04-16,15.6,15.6,15.6,15.6,0,1.9607843137254832,4.0000000000000036,4.0000000000000036,1.9607843137254832,-100,5,5,36
2014-04-15,15.6,15.6,15.6,15.6,0,0,0,0,0,NaN,5,5,36
2014-04-14,15.6,15.6,15.6,15.6,700,0,0,0,0,Infinity,5,5,36
2014-04-11,17.6,16,16,17.6,3812,12.820512820512842,2.564102564102577,2.564102564102577,12.820512820512842,444.57142857142856,5,5,36
2014-04-10,25,17.2,19.9,17.2,2390,42.04545454545454,7.499999999999996,24.374999999999993,-2.272727272727282,-37.303252885624346,5,5,36
2014-04-09,16.9,16.9,16.9,16.9,280,-32.400000000000006,-1.744186046511631,-15.07537688442211,-1.744186046511631,-88.28451882845188,5,5,36
2014-04-08,16.9,16.9,16.9,16.9,0,0,0,0,0,-100,5,5,36
2014-04-07,16.9,16.9,16.9,16.9,0,0,0,0,0,NaN,5,5,36
2014-04-04,16.9,16.9,16.9,16.9,0,0,0,0,0,NaN,5,5,36
2014-04-03,16.9,16.9,16.9,16.9,100,0,0,0,0,Infinity,5,5,36
2014-04-02,17.2,17.2,17.2,17.2,200,1.775147928994092,1.775147928994092,1.775147928994092,1.775147928994092,100,5,5,36
2014-04-01,15.8,15.8,15.8,15.8,0,-8.139534883720923,-8.139534883720923,-8.139534883720923,-8.139534883720923,-100,5,5,36
2014-03-31,16.6,15.8,15.8,16.5,1900,5.063291139240511,0,0,4.430379746835444,Infinity,5,5,36
2014-03-28,15.6,15.6,15.6,15.6,0,-6.024096385542177,-1.2658227848101333,-1.2658227848101333,-5.454545454545457,-100,5,5,36
2014-03-27,18,15.6,15.6,18,2900,15.384615384615397,0,0,15.384615384615397,Infinity,5,5,36
2014-03-26,15.6,15.6,15.6,15.6,200,-13.33333333333333,0,0,-13.33333333333333,-93.10344827586206,5,5,36
2014-03-25,15.9,15.9,15.9,15.9,800,1.9230769230769384,1.9230769230769384,1.9230769230769384,1.9230769230769384,300,5,5,36
2014-03-24,17,15.5,17,15.5,211,6.91823899371069,-2.515723270440251,6.91823899371069,-2.515723270440251,-73.625,5,5,36
2014-03-21,16,16,16,16,365,-5.882352941176472,3.2258064516129004,-5.882352941176472,3.2258064516129004,72.98578199052133,5,5,36
2014-03-20,16,16,16,16,0,0,0,0,0,-100,5,5,36
2014-03-19,16,16,16,16,0,0,0,0,0,NaN,5,5,36
2014-03-18,16,16,16,16,0,0,0,0,0,NaN,5,5,36
2014-03-17,16,16,16,16,0,0,0,0,0,NaN,5,5,36
2014-03-14,16,16,16,16,1135,0,0,0,0,Infinity,5,5,36
2014-03-13,16.9,16.9,16.9,16.9,0,5.624999999999991,5.624999999999991,5.624999999999991,5.624999999999991,-100,5,5,36
2014-03-12,16.9,16.9,16.9,16.9,0,0,0,0,0,NaN,5,5,36
2014-03-11,16.9,16.9,16.9,16.9,0,0,0,0,0,NaN,5,5,36
2014-03-10,16.9,16.9,16.9,16.9,202,0,0,0,0,Infinity,5,5,36
2014-03-07,16.5,16.5,16.5,16.5,0,-2.3668639053254337,-2.3668639053254337,-2.3668639053254337,-2.3668639053254337,-100,5,5,36
2014-03-06,16.5,16.5,16.5,16.5,0,0,0,0,0,NaN,5,5,36
2014-03-05,17,16.5,16.5,17,1645,3.0303030303030276,0,0,3.0303030303030276,Infinity,5,5,36
2014-03-04,17.9,17,17.9,17,455,5.294117647058805,3.0303030303030276,8.484848484848474,0,-72.34042553191489,5,5,36
2014-03-03,17,17,17,17,100,-5.027932960893844,0,-5.027932960893844,0,-78.02197802197803,5,5,36
2014-02-28,16.7,16.7,16.7,16.7,0,-1.764705882352946,-1.764705882352946,-1.764705882352946,-1.764705882352946,-100,5,5,36
2014-02-27,16.7,16.7,16.7,16.7,637,0,0,0,0,Infinity,5,5,36
2014-02-26,17.1,17,17,17.1,35,2.3952095808383422,1.7964071856287456,1.7964071856287456,2.3952095808383422,-94.5054945054945,5,5,36
2014-02-25,16.6,15.4,16.6,16,1183,-2.923976608187129,-9.411764705882353,-2.35294117647058,-6.432748538011701,3279.9999999999995,5,5,36
2014-02-24,15.4,15.4,15.4,15.4,0,-7.2289156626506035,0,-7.2289156626506035,-3.749999999999998,-100,5,5,36
2014-02-21,15.4,15.4,15.4,15.4,70,0,0,0,0,Infinity,5,5,36
2014-02-20,15.4,15.4,15.4,15.4,500,0,0,0,0,614.2857142857143,5,5,36
2014-02-19,15.5,15.5,15.5,15.5,0,0.6493506493506551,0.6493506493506551,0.6493506493506551,0.6493506493506551,-100,5,5,36
2014-02-18,15.5,15.5,15.5,15.5,67,0,0,0,0,Infinity,5,5,36
2014-02-17,16.4,15.5,15.5,16.4,1871,5.806451612903207,0,0,5.806451612903207,2692.5373134328356,5,5,36
2014-02-14,16.2,16.2,16.2,16.2,0,-1.2195121951219523,4.516129032258065,4.516129032258065,-1.2195121951219523,-100,5,5,36
2014-02-13,16.2,15.8,16.2,15.8,375,0,-2.4691358024691246,0,-2.4691358024691246,Infinity,5,5,36
2014-02-12,17.5,17.5,17.5,17.5,0,8.024691358024704,10.759493670886066,8.024691358024704,10.759493670886066,-100,5,5,36
2014-02-11,17.5,17.5,17.5,17.5,0,0,0,0,0,NaN,5,5,36
2014-02-10,17.5,17.5,17.5,17.5,50,0,0,0,0,Infinity,5,5,36
2014-02-07,17.5,17.5,17.5,17.5,0,0,0,0,0,-100,5,5,36
2014-02-06,17.5,17.4,17.5,17.4,1646,0,-0.5714285714285783,0,-0.5714285714285783,Infinity,5,5,36
2014-02-05,17.5,16.5,16.5,17.5,213,0,-5.172413793103436,-5.714285714285716,0.5747126436781658,-87.0595382746051,5,5,36
2014-02-04,16.5,16.5,16.5,16.5,0,-5.714285714285716,0,0,-5.714285714285716,-100,5,5,36
2014-02-03,16.5,16.5,16.5,16.5,0,0,0,0,0,NaN,5,5,36
2014-01-31,16.5,16.5,16.5,16.5,91,0,0,0,0,Infinity,5,5,36
2014-01-30,16.5,16.5,16.5,16.5,0,0,0,0,0,-100,5,5,36
2014-01-29,16.5,16.5,16.5,16.5,0,0,0,0,0,NaN,5,5,36
2014-01-28,16.5,16.5,16.5,16.5,0,0,0,0,0,NaN,5,5,36
2014-01-27,16.6,16.5,16.5,16.6,2000,0.60606060606061,0,0,0.60606060606061,Infinity,5,5,36
2014-01-24,18,18,18,18,0,8.43373493975903,9.090909090909083,9.090909090909083,8.43373493975903,-100,5,5,36
2014-01-23,18,18,18,18,150,0,0,0,0,Infinity,5,5,36
2014-01-22,18.4,18.4,18.4,18.4,8,2.2222222222222143,2.2222222222222143,2.2222222222222143,2.2222222222222143,-94.66666666666667,5,5,36
2014-01-21,16.1,16.1,16.1,16.1,200,-12.49999999999999,-12.49999999999999,-12.49999999999999,-12.49999999999999,2400,5,5,36
2014-01-20,16.5,16.5,16.5,16.5,110,2.4844720496894235,2.4844720496894235,2.4844720496894235,2.4844720496894235,-44.99999999999999,5,5,36
2014-01-17,17.7,17.7,17.7,17.7,0,7.272727272727275,7.272727272727275,7.272727272727275,7.272727272727275,-100,5,5,36
2014-01-16,17.7,17.7,17.7,17.7,0,0,0,0,0,NaN,5,5,36
2014-01-15,17.7,17.7,17.7,17.7,0,0,0,0,0,NaN,5,5,36
2014-01-14,17.7,17.7,17.7,17.7,0,0,0,0,0,NaN,5,5,36
2014-01-13,17.7,17.7,17.7,17.7,3800,0,0,0,0,Infinity,5,5,36
2014-01-10,17.8,17.6,17.7,17.8,1545,0.5649717514124353,-0.5649717514124131,0,0.5649717514124353,-59.3421052631579,5,5,36
2014-01-09,16,16,16,16,649,-10.1123595505618,-9.090909090909093,-9.6045197740113,-10.1123595505618,-57.993527508090615,5,5,36
2014-01-08,16,16,16,16,0,0,0,0,0,-100,5,5,36
2014-01-07,16,16,16,16,0,0,0,0,0,NaN,5,5,36
2014-01-03,16,16,16,16,0,0,0,0,0,NaN,5,5,36
2014-01-02,16,16,16,16,0,0,0,0,0,NaN,5,5,36
2013-12-30,16,16,16,16,165,0,0,0,0,Infinity,5,5,36
2013-12-27,16,16,16,16,0,0,0,0,0,-100,5,5,36
2013-12-23,16,16,16,16,225,0,0,0,0,Infinity,5,5,36
2013-12-20,17,16,16,16.9,1600,6.25,0,0,5.624999999999991,611.1111111111111,5,5,36
2013-12-19,14.8,14.8,14.8,14.8,0,-12.941176470588234,-7.499999999999996,-7.499999999999996,-12.426035502958566,-100,5,5,36
2013-12-18,14.8,14.8,14.8,14.8,0,0,0,0,0,NaN,5,5,36
2013-12-17,14.8,14.8,14.8,14.8,14890,0,0,0,0,Infinity,5,5,36
2013-12-16,14.8,14.8,14.8,14.8,150,0,0,0,0,-98.9926124916051,5,5,36
2013-12-13,14.8,14.75,14.8,14.75,2000,0,-0.33783783783783994,0,-0.33783783783783994,1233.3333333333335,5,5,36
2013-12-12,15.6,15.6,15.6,15.6,7750,5.405405405405395,5.762711864406778,5.405405405405395,5.762711864406778,287.5,5,5,36
2013-12-11,15.7,15.6,15.6,15.6,2750,0.6410256410256387,0,0,0,-64.51612903225806,5,5,36
2013-12-10,16.3,16.3,16.3,16.3,0,3.821656050955413,4.487179487179493,4.487179487179493,4.487179487179493,-100,5,5,36
2013-12-09,16.3,16.3,16.3,16.3,10,0,0,0,0,Infinity,5,5,36
2013-12-06,14,14,14,14,0,-14.110429447852768,-14.110429447852768,-14.110429447852768,-14.110429447852768,-100,5,5,36
2013-12-05,14,13.1,14,13.1,5250,0,-6.428571428571428,0,-6.428571428571428,Infinity,5,5,36
2013-12-04,14.65,14.35,14.35,14.65,696,4.642857142857149,9.541984732824439,2.499999999999991,11.832061068702293,-86.74285714285715,5,5,36
2013-12-03,15,15,15,15,500,2.3890784982935065,4.529616724738683,4.529616724738683,2.3890784982935065,-28.16091954022989,5,5,36
2013-12-02,17,15.3,15.4,15.5,4244,13.33333333333333,2.0000000000000018,2.6666666666666616,3.3333333333333437,748.8,5,5,36
2013-11-29,15.5,15.5,15.5,15.5,300,-8.823529411764708,1.3071895424836555,0.6493506493506551,0,-92.93119698397739,5,5,36
2013-11-28,15.5,14.5,15.5,14.5,3211,0,-6.451612903225811,0,-6.451612903225811,970.3333333333333,5,5,36
2013-11-27,14.5,14.5,14.5,14.5,0,-6.451612903225811,0,-6.451612903225811,0,-100,5,5,36
2013-11-26,14.5,14.5,14.5,14.5,230,0,0,0,0,Infinity,5,5,36
2013-11-25,14.5,14.5,14.5,14.5,400,0,0,0,0,73.91304347826086,5,5,36
2013-11-22,14.5,14.5,14.5,14.5,5,0,0,0,0,-98.75,5,5,36
2013-11-21,14,14,14,14,1000,-3.4482758620689613,-3.4482758620689613,-3.4482758620689613,-3.4482758620689613,19900,5,5,36
2013-11-20,13.95,13.95,13.95,13.95,0,-0.357142857142867,-0.357142857142867,-0.357142857142867,-0.357142857142867,-100,5,5,36
2013-11-19,13.95,13.95,13.95,13.95,1200,0,0,0,0,Infinity,5,5,36
2013-11-18,13.5,13.5,13.5,13.5,0,-3.2258064516129004,-3.2258064516129004,-3.2258064516129004,-3.2258064516129004,-100,5,5,36
2013-11-15,13.5,13.5,13.5,13.5,0,0,0,0,0,NaN,5,5,36
2013-11-14,13.5,13.5,13.5,13.5,400,0,0,0,0,Infinity,5,5,36
2013-11-13,14,14,14,14,0,3.703703703703698,3.703703703703698,3.703703703703698,3.703703703703698,-100,5,5,36
2013-11-12,14,14,14,14,0,0,0,0,0,NaN,5,5,36
2013-11-11,14,14,14,14,300,0,0,0,0,Infinity,5,5,36
2013-11-08,13,13,13,13,0,-7.14285714285714,-7.14285714285714,-7.14285714285714,-7.14285714285714,-100,5,5,36
2013-11-07,13,13,13,13,0,0,0,0,0,NaN,5,5,36
2013-11-06,13,13,13,13,1000,0,0,0,0,Infinity,5,5,36
2013-11-05,14,14,14,14,0,7.692307692307687,7.692307692307687,7.692307692307687,7.692307692307687,-100,5,5,36
2013-11-04,14,13.95,14,14,3234,0,-0.357142857142867,0,0,Infinity,5,5,36
2013-11-01,13.25,13.25,13.25,13.25,1000,-5.35714285714286,-5.017921146953396,-5.35714285714286,-5.35714285714286,-69.07854050711192,5,5,36
2013-10-31,13.35,13.35,13.35,13.35,446,0.7547169811320753,0.7547169811320753,0.7547169811320753,0.7547169811320753,-55.400000000000006,5,5,36
2013-10-30,11.75,11.75,11.75,11.75,0,-11.985018726591756,-11.985018726591756,-11.985018726591756,-11.985018726591756,-100,5,5,36
2013-10-29,11.75,11.75,11.75,11.75,0,0,0,0,0,NaN,5,5,36
2013-10-28,11.75,11.75,11.75,11.75,0,0,0,0,0,NaN,5,5,36
2013-10-25,13.5,11.75,11.75,13.5,5600,14.893617021276606,0,0,14.893617021276606,Infinity,5,5,36
2013-10-24,14.5,14.5,14.5,14.5,2909,7.407407407407418,23.404255319148938,23.404255319148938,7.407407407407418,-48.05357142857143,5,5,36
2013-10-23,14,14,14,14,500,-3.4482758620689613,-3.4482758620689613,-3.4482758620689613,-3.4482758620689613,-82.8119628738398,5,5,36
2013-10-22,14.65,14.65,14.65,14.65,0,4.642857142857149,4.642857142857149,4.642857142857149,4.642857142857149,-100,5,5,36
2013-10-21,14.65,14.65,14.65,14.65,1000,0,0,0,0,Infinity,5,5,36
2013-10-18,14.85,14.85,14.85,14.85,699,1.3651877133105783,1.3651877133105783,1.3651877133105783,1.3651877133105783,-30.100000000000005,5,5,36
2013-10-17,12.25,12.25,12.25,12.25,0,-17.508417508417505,-17.508417508417505,-17.508417508417505,-17.508417508417505,-100,5,5,36
2013-10-16,13.5,12.1,12.25,13.5,345,10.20408163265305,-1.224489795918371,0,10.20408163265305,Infinity,5,5,36
2013-10-15,14,14,14,14,0,3.703703703703698,15.70247933884299,14.28571428571428,3.703703703703698,-100,5,5,36
2013-10-14,14,14,14,14,0,0,0,0,0,NaN,5,5,36
2013-10-11,14,14,14,14,0,0,0,0,0,NaN,5,5,36
2013-10-10,14,12.6,14,14,1308,0,-9.999999999999998,0,0,Infinity,5,5,36
2013-10-09,14.05,12.9,12.9,14.05,1245,0.3571428571428559,2.3809523809523947,-7.857142857142851,0.3571428571428559,-4.816513761467888,5,5,36
2013-10-08,15.5,15.5,15.5,15.5,0,10.320284697508896,20.155038759689916,20.155038759689916,10.320284697508896,-100,5,5,36
2013-10-07,15.5,15.5,15.5,15.5,0,0,0,0,0,NaN,5,5,36
2013-10-04,15.5,15.5,15.5,15.5,500,0,0,0,0,Infinity,5,5,36
2013-10-03,14.5,14.5,14.5,14.5,0,-6.451612903225811,-6.451612903225811,-6.451612903225811,-6.451612903225811,-100,5,5,36
2013-10-02,14.55,14.5,14.5,14.55,10000,0.34482758620690834,0,0,0.34482758620690834,Infinity,5,5,36
2013-10-01,16,16,16,16,0,9.965635738831601,10.344827586206895,10.344827586206895,9.965635738831601,-100,5,5,36
2013-09-30,16,16,16,16,0,0,0,0,0,NaN,5,5,36
2013-09-27,16.1,14.2,16,15.1,3385,0.6250000000000089,-11.250000000000004,0,-5.625000000000002,Infinity,5,5,36
2013-09-26,18,18,18,18,0,11.801242236024834,26.7605633802817,12.5,19.20529801324504,-100,5,5,36
2013-09-25,18,18,18,18,51,0,0,0,0,Infinity,5,5,36
2013-09-24,20,19.3,20,20,32584,11.111111111111116,7.222222222222219,11.111111111111116,11.111111111111116,63790.19607843137,5,5,36
2013-09-23,21.5,20,20,20,12990,7.499999999999996,3.626943005181338,0,0,-60.133808003928316,5,5,36
2013-09-20,20,20,20,20,2000,-6.976744186046513,0,0,0,-84.60354118552733,5,5,36
2013-09-19,24.5,24.5,24.5,24.5,0,22.500000000000007,22.500000000000007,22.500000000000007,22.500000000000007,-100,5,5,36
2013-09-18,24.5,24.5,24.5,24.5,0,0,0,0,0,NaN,5,5,36
2013-09-17,24.5,24.4,24.5,24.4,500,0,-0.40816326530612734,0,-0.40816326530612734,Infinity,5,5,36
2013-09-16,21,21,21,21,0,-14.28571428571429,-13.93442622950819,-14.28571428571429,-13.93442622950819,-100,5,5,36
2013-09-13,21,20.5,21,20.5,1083,0,-2.3809523809523836,0,-2.3809523809523836,Infinity,5,5,36
2013-09-12,20.5,20.5,20.5,20.5,4430,-2.3809523809523836,0,-2.3809523809523836,0,309.04893813481067,5,5,36
2013-09-11,20,20,20,20,865,-2.4390243902439046,-2.4390243902439046,-2.4390243902439046,-2.4390243902439046,-80.47404063205418,5,5,36
2013-09-10,18.5,18.5,18.5,18.5,200,-7.499999999999996,-7.499999999999996,-7.499999999999996,-7.499999999999996,-76.878612716763,5,5,36
2013-09-09,20,20,20,20,135,8.108108108108114,8.108108108108114,8.108108108108114,8.108108108108114,-32.49999999999999,5,5,36
2013-09-06,20,20,20,20,160,0,0,0,0,18.518518518518512,5,5,36
2013-09-05,19,18.9,19,18.9,1216,-5.000000000000004,-5.500000000000005,-5.000000000000004,-5.500000000000005,660,5,5,36
2013-09-04,19.2,18,18,19.2,275,1.0526315789473717,-4.761904761904756,-5.263157894736848,1.5873015873015817,-77.38486842105263,5,5,36
2013-09-03,19.8,18,19.8,18,6700,3.125,0,10.000000000000009,-6.25,2336.3636363636365,5,5,36
2013-09-02,18,17,17,17.9,1600,-9.090909090909093,-5.555555555555558,-14.141414141414144,-0.5555555555555647,-76.11940298507463,5,5,36
2013-08-30,18.7,16.6,17.6,18.7,7116,3.888888888888875,-2.35294117647058,3.529411764705892,4.469273743016755,344.75,5,5,36
2013-08-29,18.5,18.5,18.5,18.5,0,-1.0695187165775333,11.445783132530106,5.1136363636363535,-1.0695187165775333,-100,5,5,36
2013-08-28,18.5,18.5,18.5,18.5,0,0,0,0,0,NaN,5,5,36
2013-08-27,18.5,18.5,18.5,18.5,0,0,0,0,0,NaN,5,5,36
2013-08-26,18.5,18.5,18.5,18.5,1860,0,0,0,0,Infinity,5,5,36
2013-08-23,19.1,19,19.1,19,2795,3.2432432432432545,2.7027027027026973,3.2432432432432545,2.7027027027026973,50.26881720430107,5,5,36
2013-08-22,19.3,19,19,19.3,2275,1.0471204188481575,0,-0.5235602094240899,1.5789473684210575,-18.6046511627907,5,5,36
2013-08-21,19,18.1,19,18.1,790,-1.5544041450777257,-4.73684210526315,0,-6.217616580310881,-65.27472527472527,5,5,36
2013-08-20,17,17,17,17,0,-10.526315789473683,-6.077348066298349,-10.526315789473683,-6.077348066298349,-100,5,5,36
2013-08-19,17,17,17,17,0,0,0,0,0,NaN,5,5,36
2013-08-16,19.7,17,17,19.7,1060,15.882352941176459,0,0,15.882352941176459,Infinity,5,5,36
2013-08-15,19,19,19,19,491,-3.5532994923857864,11.764705882352944,11.764705882352944,-3.5532994923857864,-53.67924528301886,5,5,36
2013-08-14,17.4,17.4,17.4,17.4,1000,-8.421052631578952,-8.421052631578952,-8.421052631578952,-8.421052631578952,103.66598778004072,5,5,36
2013-08-13,20,20,20,20,0,14.942528735632198,14.942528735632198,14.942528735632198,14.942528735632198,-100,5,5,36
2013-08-12,20,20,20,20,0,0,0,0,0,NaN,5,5,36
2013-08-09,20,19,20,19,1575,0,-5.000000000000004,0,-5.000000000000004,Infinity,5,5,36
2013-08-08,17.2,17.2,17.2,17.2,0,-14.000000000000002,-9.473684210526322,-14.000000000000002,-9.473684210526322,-100,5,5,36
2013-08-07,17.2,17.2,17.2,17.2,0,0,0,0,0,NaN,5,5,36
2013-08-06,17.2,17.2,17.2,17.2,0,0,0,0,0,NaN,5,5,36
2013-08-05,17.2,17.2,17.2,17.2,0,0,0,0,0,NaN,5,5,36
2013-08-02,17.2,17.2,17.2,17.2,288,0,0,0,0,Infinity,5,5,36
2013-08-01,17.2,17.2,17.2,17.2,0,0,0,0,0,-100,5,5,36
2013-07-31,17.2,17.2,17.2,17.2,600,0,0,0,0,Infinity,5,5,36
2013-07-30,17,17,17,17,0,-1.1627906976744096,-1.1627906976744096,-1.1627906976744096,-1.1627906976744096,-100,5,5,36
2013-07-29,17,17,17,17,0,0,0,0,0,NaN,5,5,36
2013-07-26,17,16.9,17,16.9,230,0,-0.5882352941176561,0,-0.5882352941176561,Infinity,5,5,36
2013-07-25,16.5,16.5,16.5,16.5,60,-2.941176470588236,-2.3668639053254337,-2.941176470588236,-2.3668639053254337,-73.91304347826086,5,5,36
2013-07-24,16.9,16.9,16.9,16.9,60,2.4242424242424176,2.4242424242424176,2.4242424242424176,2.4242424242424176,0,5,5,36
2013-07-23,16.9,16.9,16.9,16.9,0,0,0,0,0,-100,5,5,36
2013-07-22,16.9,16.9,16.9,16.9,10,0,0,0,0,Infinity,5,5,36
2013-07-19,16.9,16.6,16.9,16.6,3060,0,-1.7751479289940697,0,-1.7751479289940697,30500,5,5,36
2013-07-18,15.7,15.7,15.7,15.7,1,-7.100591715976323,-5.421686746987964,-7.100591715976323,-5.421686746987964,-99.9673202614379,5,5,36
2013-07-17,15.8,15.8,15.8,15.8,0,0.6369426751592355,0.6369426751592355,0.6369426751592355,0.6369426751592355,-100,5,5,36
2013-07-16,15.8,15.8,15.8,15.8,0,0,0,0,0,NaN,5,5,36
2013-07-15,15.8,15.8,15.8,15.8,0,0,0,0,0,NaN,5,5,36
2013-07-12,15.8,15.8,15.8,15.8,0,0,0,0,0,NaN,5,5,36
2013-07-11,15.8,15.7,15.8,15.7,1000,0,-0.6329113924050778,0,-0.6329113924050778,Infinity,5,5,36
2013-07-10,15.6,15.6,15.6,15.6,0,-1.2658227848101333,-0.6369426751592355,-1.2658227848101333,-0.6369426751592355,-100,5,5,36
2013-07-09,15.6,15.6,15.6,15.6,300,0,0,0,0,Infinity,5,5,36
2013-07-08,16.4,16.4,16.4,16.4,0,5.128205128205132,5.128205128205132,5.128205128205132,5.128205128205132,-100,5,5,36
2013-07-05,16.4,16.4,16.4,16.4,0,0,0,0,0,NaN,5,5,36
2013-07-04,16.4,16,16.4,16,2600,0,-2.4390243902438935,0,-2.4390243902438935,Infinity,5,5,36
2013-07-03,15.9,15.9,15.9,15.9,0,-3.0487804878048697,-0.6249999999999978,-3.0487804878048697,-0.6249999999999978,-100,5,5,36
2013-07-02,16.6,15.9,15.9,16.6,125,4.402515723270439,0,0,4.402515723270439,Infinity,5,5,36
2013-07-01,16.3,16,16.2,16,3873,-1.8072289156626509,0.6289308176100628,1.8867924528301883,-3.614457831325313,2998.4,5,5,36
2013-06-28,16.6,15.7,15.9,15.7,7350,1.8404907975460238,-1.8750000000000044,-1.851851851851849,-1.8750000000000044,89.77536793183577,5,5,36
2013-06-27,15.3,15.3,15.3,15.3,0,-7.831325301204828,-2.547770700636931,-3.7735849056603765,-2.547770700636931,-100,5,5,36
2013-06-26,15.3,15.3,15.3,15.3,0,0,0,0,0,NaN,5,5,36
2013-06-25,15.3,15.3,15.3,15.3,0,0,0,0,0,NaN,5,5,36
2013-06-24,15.3,15.3,15.3,15.3,0,0,0,0,0,NaN,5,5,36
2013-06-20,15.3,15.3,15.3,15.3,0,0,0,0,0,NaN,5,5,36
2013-06-19,15.3,15.3,15.3,15.3,0,0,0,0,0,NaN,5,5,36
2013-06-18,15.3,15.3,15.3,15.3,0,0,0,0,0,NaN,5,5,36
2013-06-17,15.3,15.3,15.3,15.3,0,0,0,0,0,NaN,5,5,36
2013-06-14,15.3,15.3,15.3,15.3,1000,0,0,0,0,Infinity,5,5,36
2013-06-13,16.5,16.5,16.5,16.5,1000,7.843137254901955,7.843137254901955,7.843137254901955,7.843137254901955,0,5,5,36
2013-06-12,15.4,15.4,15.4,15.4,0,-6.666666666666665,-6.666666666666665,-6.666666666666665,-6.666666666666665,-100,5,5,36
2013-06-11,15.4,15.4,15.4,15.4,0,0,0,0,0,NaN,5,5,36
2013-06-10,15.4,15.4,15.4,15.4,0,0,0,0,0,NaN,5,5,36
2013-06-07,15.4,15.4,15.4,15.4,0,0,0,0,0,NaN,5,5,36
2013-06-05,15.4,15.4,15.4,15.4,0,0,0,0,0,NaN,5,5,36
2013-06-04,15.4,15.4,15.4,15.4,0,0,0,0,0,NaN,5,5,36
2013-06-03,15.4,15.4,15.4,15.4,1000,0,0,0,0,Infinity,5,5,36
2013-05-31,16.9,16.9,16.9,16.9,0,9.740259740259738,9.740259740259738,9.740259740259738,9.740259740259738,-100,5,5,36
2013-05-30,16.9,16.9,16.9,16.9,0,0,0,0,0,NaN,5,5,36
2013-05-29,16.9,16.9,16.9,16.9,0,0,0,0,0,NaN,5,5,36
2013-05-28,16.9,16.9,16.9,16.9,0,0,0,0,0,NaN,5,5,36
2013-05-27,16.9,16.9,16.9,16.9,0,0,0,0,0,NaN,5,5,36
2013-05-24,16.9,16.9,16.9,16.9,0,0,0,0,0,NaN,5,5,36
2013-05-23,16.9,16.9,16.9,16.9,0,0,0,0,0,NaN,5,5,36
2013-05-22,16.9,16.9,16.9,16.9,0,0,0,0,0,NaN,5,5,36
2013-05-21,16.9,16.9,16.9,16.9,0,0,0,0,0,NaN,5,5,36
2013-05-20,16.9,16.9,16.9,16.9,0,0,0,0,0,NaN,5,5,36
2013-05-17,16.9,16.9,16.9,16.9,0,0,0,0,0,NaN,5,5,36
2013-05-16,16.9,16.9,16.9,16.9,0,0,0,0,0,NaN,5,5,36
2013-05-15,16.9,16.9,16.9,16.9,425,0,0,0,0,Infinity,5,5,36
2013-05-14,16.8,16.8,16.8,16.8,250,-0.5917159763313529,-0.5917159763313529,-0.5917159763313529,-0.5917159763313529,-41.17647058823529,5,5,36
2013-05-13,16.8,16.8,16.8,16.8,0,0,0,0,0,-100,5,5,36
2013-05-10,16.8,16.8,16.8,16.8,0,0,0,0,0,NaN,5,5,36
2013-05-08,16.8,16.8,16.8,16.8,0,0,0,0,0,NaN,5,5,36
2013-05-07,16.8,16.8,16.8,16.8,0,0,0,0,0,NaN,5,5,36
2013-05-06,16.8,16.8,16.8,16.8,0,0,0,0,0,NaN,5,5,36
2013-05-03,16.8,16.8,16.8,16.8,0,0,0,0,0,NaN,5,5,36
2013-05-02,16.8,16.8,16.8,16.8,0,0,0,0,0,NaN,5,5,36
2013-04-30,16.8,16.8,16.8,16.8,0,0,0,0,0,NaN,5,5,36
2013-04-29,16.8,16.8,16.8,16.8,0,0,0,0,0,NaN,5,5,36
2013-04-26,16.8,16.8,16.8,16.8,0,0,0,0,0,NaN,5,5,36
2013-04-25,16.8,16.8,16.8,16.8,0,0,0,0,0,NaN,5,5,36
2013-04-24,16.8,16.8,16.8,16.8,0,0,0,0,0,NaN,5,5,36
2013-04-23,16.8,16.8,16.8,16.8,0,0,0,0,0,NaN,5,5,36
2013-04-22,16.8,16.8,16.8,16.8,0,0,0,0,0,NaN,5,5,36
2013-04-19,16.8,16.8,16.8,16.8,0,0,0,0,0,NaN,5,5,36
2013-04-18,16.8,16.8,16.8,16.8,300,0,0,0,0,Infinity,5,5,36
2013-04-17,16.5,16.5,16.5,16.5,0,-1.7857142857142905,-1.7857142857142905,-1.7857142857142905,-1.7857142857142905,-100,5,5,36
2013-04-16,16.5,16.5,16.5,16.5,0,0,0,0,0,NaN,5,5,36
2013-04-15,16.5,16.5,16.5,16.5,0,0,0,0,0,NaN,5,5,36
2013-04-12,16.5,16.5,16.5,16.5,1800,0,0,0,0,Infinity,5,5,36
2013-04-11,16,16,16,16,0,-3.0303030303030276,-3.0303030303030276,-3.0303030303030276,-3.0303030303030276,-100,5,5,36
2013-04-10,16,16,16,16,0,0,0,0,0,NaN,5,5,36
2013-04-09,16,16,16,16,0,0,0,0,0,NaN,5,5,36
2013-04-08,16,16,16,16,0,0,0,0,0,NaN,5,5,36
2013-04-05,16,16,16,16,0,0,0,0,0,NaN,5,5,36
2013-04-04,16,16,16,16,0,0,0,0,0,NaN,5,5,36
2013-04-03,16,16,16,16,0,0,0,0,0,NaN,5,5,36
2013-04-02,16,16,16,16,0,0,0,0,0,NaN,5,5,36
2013-03-28,16,16,16,16,400,0,0,0,0,Infinity,5,5,36
2013-03-27,16,16,16,16,0,0,0,0,0,-100,5,5,36
2013-03-26,16,16,16,16,0,0,0,0,0,NaN,5,5,36
2013-03-25,16,16,16,16,400,0,0,0,0,Infinity,5,5,36
2013-03-22,14.5,14.5,14.5,14.5,0,-9.375,-9.375,-9.375,-9.375,-100,5,5,36
2013-03-21,14.5,14.5,14.5,14.5,0,0,0,0,0,NaN,5,5,36
2013-03-20,14.5,14.5,14.5,14.5,0,0,0,0,0,NaN,5,5,36
2013-03-19,14.5,14.5,14.5,14.5,0,0,0,0,0,NaN,5,5,36
2013-03-18,14.5,14.5,14.5,14.5,0,0,0,0,0,NaN,5,5,36
2013-03-15,14.5,14.5,14.5,14.5,0,0,0,0,0,NaN,5,5,36
2013-03-14,14.5,14.5,14.5,14.5,0,0,0,0,0,NaN,5,5,36
2013-03-13,14.5,14.5,14.5,14.5,0,0,0,0,0,NaN,5,5,36
2013-03-12,14.5,14.5,14.5,14.5,0,0,0,0,0,NaN,5,5,36
2013-03-11,14.5,14.5,14.5,14.5,0,0,0,0,0,NaN,5,5,36
2013-03-08,14.5,14.5,14.5,14.5,0,0,0,0,0,NaN,5,5,36
2013-03-07,14.5,14.5,14.5,14.5,0,0,0,0,0,NaN,5,5,36
2013-03-06,14.5,14.5,14.5,14.5,0,0,0,0,0,NaN,5,5,36
2013-03-05,14.5,14.5,14.5,14.5,0,0,0,0,0,NaN,5,5,36
2013-03-04,14.5,14.5,14.5,14.5,0,0,0,0,0,NaN,5,5,36
2013-03-01,14.5,14.5,14.5,14.5,0,0,0,0,0,NaN,5,5,36
2013-02-28,14.5,14.5,14.5,14.5,0,0,0,0,0,NaN,5,5,36
2013-02-27,14.5,14.5,14.5,14.5,0,0,0,0,0,NaN,5,5,36
2013-02-26,14.5,14.5,14.5,14.5,0,0,0,0,0,NaN,5,5,36
2013-02-25,14.5,14.5,14.5,14.5,0,0,0,0,0,NaN,5,5,36
2013-02-22,14.5,14.5,14.5,14.5,0,0,0,0,0,NaN,5,5,36
2013-02-21,14.5,14.5,14.5,14.5,0,0,0,0,0,NaN,5,5,36
2013-02-20,14.5,14.5,14.5,14.5,0,0,0,0,0,NaN,5,5,36
2013-02-19,14.5,14.5,14.5,14.5,0,0,0,0,0,NaN,5,5,36
2013-02-18,14.5,14.5,14.5,14.5,0,0,0,0,0,NaN,5,5,36
2013-02-15,14.5,14.5,14.5,14.5,0,0,0,0,0,NaN,5,5,36
2013-02-14,14.5,14.5,14.5,14.5,0,0,0,0,0,NaN,5,5,36
2013-02-13,14.5,14.5,14.5,14.5,0,0,0,0,0,NaN,5,5,36
2013-02-12,14.5,14.5,14.5,14.5,0,0,0,0,0,NaN,5,5,36
2013-02-11,14.5,14.5,14.5,14.5,0,0,0,0,0,NaN,5,5,36
2013-02-08,14.5,14.5,14.5,14.5,0,0,0,0,0,NaN,5,5,36
2013-02-07,14.5,14.5,14.5,14.5,0,0,0,0,0,NaN,5,5,36
2013-02-06,14.5,14.5,14.5,14.5,1750,0,0,0,0,Infinity,5,5,36
2013-02-05,14.4,14.4,14.4,14.4,0,-0.6896551724137945,-0.6896551724137945,-0.6896551724137945,-0.6896551724137945,-100,5,5,36
2013-02-04,14.4,14.4,14.4,14.4,500,0,0,0,0,Infinity,5,5,36
2013-02-01,14.5,14.5,14.5,14.5,0,0.694444444444442,0.694444444444442,0.694444444444442,0.694444444444442,-100,5,5,36
2013-01-31,14.5,14.5,14.5,14.5,100,0,0,0,0,Infinity,5,5,36
2013-01-30,14.8,14.8,14.8,14.8,0,2.0689655172413834,2.0689655172413834,2.0689655172413834,2.0689655172413834,-100,5,5,36
2013-01-29,14.8,14.8,14.8,14.8,0,0,0,0,0,NaN,5,5,36
2013-01-28,14.8,14.8,14.8,14.8,0,0,0,0,0,NaN,5,5,36
2013-01-25,14.8,14.75,14.8,14.75,1200,0,-0.33783783783783994,0,-0.33783783783783994,Infinity,5,5,36
2013-01-24,14,14,14,14,1000,-5.405405405405405,-5.0847457627118615,-5.405405405405405,-5.0847457627118615,-16.666666666666664,5,5,36
2013-01-23,14.25,14.25,14.25,14.25,0,1.7857142857142794,1.7857142857142794,1.7857142857142794,1.7857142857142794,-100,5,5,36
2013-01-22,14.25,14.25,14.25,14.25,0,0,0,0,0,NaN,5,5,36
2013-01-21,14.25,14.25,14.25,14.25,0,0,0,0,0,NaN,5,5,36
2013-01-18,14.25,14.25,14.25,14.25,11680,0,0,0,0,Infinity,5,5,36
2013-01-17,14.25,14.25,14.25,14.25,500,0,0,0,0,-95.71917808219177,5,5,36
2013-01-16,14.25,14.25,14.25,14.25,0,0,0,0,0,-100,5,5,36
2013-01-15,14.25,14.25,14.25,14.25,0,0,0,0,0,NaN,5,5,36
2013-01-14,14.25,14.25,14.25,14.25,0,0,0,0,0,NaN,5,5,36
2013-01-11,14.25,14.25,14.25,14.25,220,0,0,0,0,Infinity,5,5,36
2013-01-10,13.75,13.75,13.75,13.75,0,-3.508771929824561,-3.508771929824561,-3.508771929824561,-3.508771929824561,-100,5,5,36
2013-01-09,13.75,13.75,13.75,13.75,0,0,0,0,0,NaN,5,5,36
2013-01-08,13.75,13.75,13.75,13.75,0,0,0,0,0,NaN,5,5,36
2013-01-07,13.75,13.75,13.75,13.75,0,0,0,0,0,NaN,5,5,36
2013-01-04,13.75,13.75,13.75,13.75,0,0,0,0,0,NaN,5,5,36
2013-01-03,13.75,13.75,13.75,13.75,0,0,0,0,0,NaN,5,5,36
2013-01-02,13.75,13.75,13.75,13.75,500,0,0,0,0,Infinity,5,5,36
2012-12-28,14.05,14.05,14.05,14.05,99,2.181818181818196,2.181818181818196,2.181818181818196,2.181818181818196,-80.2,5,5,36
2012-12-27,13.75,13.75,13.75,13.75,0,-2.135231316725983,-2.135231316725983,-2.135231316725983,-2.135231316725983,-100,5,5,36
2012-12-21,13.75,13.75,13.75,13.75,0,0,0,0,0,NaN,5,5,36
2012-12-20,13.75,13.75,13.75,13.75,0,0,0,0,0,NaN,5,5,36
2012-12-19,13.75,13.75,13.75,13.75,0,0,0,0,0,NaN,5,5,36
2012-12-18,13.75,13.75,13.75,13.75,0,0,0,0,0,NaN,5,5,36
2012-12-17,13.75,13.75,13.75,13.75,0,0,0,0,0,NaN,5,5,36
2012-12-14,13.75,13.75,13.75,13.75,0,0,0,0,0,NaN,5,5,36
2012-12-13,13.75,13.75,13.75,13.75,0,0,0,0,0,NaN,5,5,36
2012-12-12,13.75,13.75,13.75,13.75,0,0,0,0,0,NaN,5,5,36
2012-12-11,13.75,13.75,13.75,13.75,0,0,0,0,0,NaN,5,5,36
2012-12-10,13.75,13.75,13.75,13.75,0,0,0,0,0,NaN,5,5,36
2012-12-07,13.75,13.75,13.75,13.75,1000,0,0,0,0,Infinity,5,5,36
2012-12-06,15,15,15,15,0,9.090909090909083,9.090909090909083,9.090909090909083,9.090909090909083,-100,5,5,36
2012-12-05,15,14.95,15,14.95,1699,0,-0.33333333333334103,0,-0.33333333333334103,Infinity,5,5,36
2012-12-04,14.15,14.15,14.15,14.15,0,-5.666666666666664,-5.351170568561869,-5.666666666666664,-5.351170568561869,-100,5,5,36
2012-12-03,14.15,14.15,14.15,14.15,0,0,0,0,0,NaN,5,5,36
2012-11-30,14.15,14.15,14.15,14.15,400,0,0,0,0,Infinity,5,5,36
2012-11-29,14.15,14.15,14.15,14.15,300,0,0,0,0,-25,5,5,36
2012-11-28,12.65,12.65,12.65,12.65,0,-10.600706713780916,-10.600706713780916,-10.600706713780916,-10.600706713780916,-100,5,5,36
2012-11-27,12.65,12.65,12.65,12.65,0,0,0,0,0,NaN,5,5,36
2012-11-26,12.65,12.65,12.65,12.65,0,0,0,0,0,NaN,5,5,36
2012-11-23,12.65,12.65,12.65,12.65,0,0,0,0,0,NaN,5,5,36
2012-11-22,12.65,12.65,12.65,12.65,0,0,0,0,0,NaN,5,5,36
2012-11-21,12.65,12.65,12.65,12.65,0,0,0,0,0,NaN,5,5,36
2012-11-20,12.65,12.65,12.65,12.65,0,0,0,0,0,NaN,5,5,36
2012-11-19,12.65,12.65,12.65,12.65,0,0,0,0,0,NaN,5,5,36
2012-11-16,12.65,12.65,12.65,12.65,0,0,0,0,0,NaN,5,5,36
2012-11-15,12.65,12.65,12.65,12.65,0,0,0,0,0,NaN,5,5,36
2012-11-14,12.65,12.65,12.65,12.65,0,0,0,0,0,NaN,5,5,36
2012-11-13,12.65,12.65,12.65,12.65,0,0,0,0,0,NaN,5,5,36
2012-11-12,12.65,12.65,12.65,12.65,0,0,0,0,0,NaN,5,5,36
2012-11-09,12.65,12.65,12.65,12.65,0,0,0,0,0,NaN,5,5,36
2012-11-08,12.65,12.65,12.65,12.65,0,0,0,0,0,NaN,5,5,36
2012-11-07,12.65,12.65,12.65,12.65,0,0,0,0,0,NaN,5,5,36
2012-11-06,12.65,12.65,12.65,12.65,0,0,0,0,0,NaN,5,5,36
2012-11-05,12.65,12.65,12.65,12.65,0,0,0,0,0,NaN,5,5,36
2012-11-02,12.65,12.65,12.65,12.65,0,0,0,0,0,NaN,5,5,36
2012-11-01,12.65,12.65,12.65,12.65,0,0,0,0,0,NaN,5,5,36
2012-10-31,12.65,12.65,12.65,12.65,0,0,0,0,0,NaN,5,5,36
2012-10-30,12.65,12.65,12.65,12.65,220,0,0,0,0,Infinity,5,5,36
2012-10-29,12.4,12.4,12.4,12.4,0,-1.9762845849802368,-1.9762845849802368,-1.9762845849802368,-1.9762845849802368,-100,5,5,36
2012-10-26,12.4,12.4,12.4,12.4,0,0,0,0,0,NaN,5,5,36
2012-10-25,12.4,12.4,12.4,12.4,0,0,0,0,0,NaN,5,5,36
2012-10-24,12.4,12.4,12.4,12.4,0,0,0,0,0,NaN,5,5,36
2012-10-23,12.4,12.4,12.4,12.4,0,0,0,0,0,NaN,5,5,36
2012-10-22,12.4,12.4,12.4,12.4,0,0,0,0,0,NaN,5,5,36
2012-10-19,12.4,12.4,12.4,12.4,0,0,0,0,0,NaN,5,5,36
2012-10-18,12.4,12.4,12.4,12.4,0,0,0,0,0,NaN,5,5,36
2012-10-17,12.4,12.4,12.4,12.4,0,0,0,0,0,NaN,5,5,36
2012-10-16,12.4,12.4,12.4,12.4,0,0,0,0,0,NaN,5,5,36
2012-10-15,12.4,12.4,12.4,12.4,1000,0,0,0,0,Infinity,5,5,36
2012-10-12,12.4,12.4,12.4,12.4,0,0,0,0,0,-100,5,5,36
2012-10-11,12.4,12.4,12.4,12.4,30,0,0,0,0,Infinity,5,5,36
2012-10-10,14.4,14.4,14.4,14.4,0,16.129032258064523,16.129032258064523,16.129032258064523,16.129032258064523,-100,5,5,36
2012-10-09,14.4,14.4,14.4,14.4,0,0,0,0,0,NaN,5,5,36
2012-10-08,14.4,14.4,14.4,14.4,0,0,0,0,0,NaN,5,5,36
2012-10-05,14.4,14.4,14.4,14.4,0,0,0,0,0,NaN,5,5,36
2012-10-04,14.4,13.25,14.4,13.25,89,0,-7.986111111111116,0,-7.986111111111116,Infinity,5,5,36
2012-10-03,12.4,12.4,12.4,12.4,0,-13.888888888888884,-6.41509433962264,-13.888888888888884,-6.41509433962264,-100,5,5,36
2012-10-02,12.4,12.4,12.4,12.4,1500,0,0,0,0,Infinity,5,5,36
2012-10-01,12.4,12.4,12.4,12.4,1000,0,0,0,0,-33.333333333333336,5,5,36
2012-09-28,14.35,14.35,14.35,14.35,25,15.7258064516129,15.7258064516129,15.7258064516129,15.7258064516129,-97.5,5,5,36
2012-09-27,14.15,14.15,14.15,14.15,0,-1.3937282229965153,-1.3937282229965153,-1.3937282229965153,-1.3937282229965153,-100,5,5,36
2012-09-26,14.15,14.15,14.15,14.15,0,0,0,0,0,NaN,5,5,36
2012-09-25,14.15,14.15,14.15,14.15,0,0,0,0,0,NaN,5,5,36
2012-09-24,14.15,14.15,14.15,14.15,0,0,0,0,0,NaN,5,5,36
2012-09-21,14.15,14.15,14.15,14.15,0,0,0,0,0,NaN,5,5,36
2012-09-20,14.15,14.15,14.15,14.15,0,0,0,0,0,NaN,5,5,36
2012-09-19,14.15,14.15,14.15,14.15,0,0,0,0,0,NaN,5,5,36
2012-09-18,14.15,14.15,14.15,14.15,0,0,0,0,0,NaN,5,5,36
2012-09-17,14.15,14.15,14.15,14.15,220,0,0,0,0,Infinity,5,5,36
2012-09-14,13.85,13,13.85,13,1121,-2.1201413427561877,-8.127208480565374,-2.1201413427561877,-8.127208480565374,409.54545454545456,5,5,36
2012-09-13,13,13,13,13,0,-6.137184115523464,0,-6.137184115523464,0,-100,5,5,36
2012-09-12,13.05,13,13,13.05,420,0.38461538461538325,0,0,0.38461538461538325,Infinity,5,5,36
2012-09-11,13.2,13.2,13.2,13.2,400,1.1494252873563093,1.538461538461533,1.538461538461533,1.1494252873563093,-4.761904761904767,5,5,36
2012-09-10,13.05,12.45,12.45,13.05,1112,-1.1363636363636243,-5.681818181818176,-5.681818181818176,-1.1363636363636243,177.99999999999997,5,5,36
2012-09-07,13,13,13,13,0,-0.3831417624521105,4.417670682730934,4.417670682730934,-0.3831417624521105,-100,5,5,36
2012-09-06,13,13,13,13,0,0,0,0,0,NaN,5,5,36
2012-09-05,13,13,13,13,0,0,0,0,0,NaN,5,5,36
2012-09-04,13,13,13,13,0,0,0,0,0,NaN,5,5,36
2012-09-03,13,12.95,13,12.95,2950,0,-0.38461538461539435,0,-0.38461538461539435,Infinity,5,5,36
2012-08-31,11.55,11.55,11.55,11.55,0,-11.153846153846148,-10.8108108108108,-11.153846153846148,-10.8108108108108,-100,5,5,36
2012-08-30,11.55,11.55,11.55,11.55,0,0,0,0,0,NaN,5,5,36
2012-08-29,11.55,11.55,11.55,11.55,0,0,0,0,0,NaN,5,5,36
2012-08-28,11.55,11.55,11.55,11.55,0,0,0,0,0,NaN,5,5,36
2012-08-27,11.55,11.55,11.55,11.55,0,0,0,0,0,NaN,5,5,36
2012-08-24,11.55,11.55,11.55,11.55,0,0,0,0,0,NaN,5,5,36
2012-08-23,11.55,11.55,11.55,11.55,0,0,0,0,0,NaN,5,5,36
2012-08-22,11.55,11.55,11.55,11.55,0,0,0,0,0,NaN,5,5,36
2012-08-21,11.55,11.55,11.55,11.55,0,0,0,0,0,NaN,5,5,36
2012-08-20,11.55,11.55,11.55,11.55,0,0,0,0,0,NaN,5,5,36
2012-08-17,11.55,11.55,11.55,11.55,0,0,0,0,0,NaN,5,5,36
2012-08-16,11.55,11.55,11.55,11.55,0,0,0,0,0,NaN,5,5,36
2012-08-15,11.55,11.55,11.55,11.55,582,0,0,0,0,Infinity,5,5,36
2012-08-14,12.1,12.1,12.1,12.1,0,4.761904761904745,4.761904761904745,4.761904761904745,4.761904761904745,-100,5,5,36
2012-08-13,12.1,12.1,12.1,12.1,1418,0,0,0,0,Infinity,5,5,36
2012-08-10,13,13,13,13,0,7.438016528925617,7.438016528925617,7.438016528925617,7.438016528925617,-100,5,5,36
2012-08-09,13,13,13,13,0,0,0,0,0,NaN,5,5,36
2012-08-08,13,13,13,13,0,0,0,0,0,NaN,5,5,36
2012-08-07,13,13,13,13,0,0,0,0,0,NaN,5,5,36
2012-08-06,13,13,13,13,0,0,0,0,0,NaN,5,5,36
2012-08-03,13,13,13,13,0,0,0,0,0,NaN,5,5,36
2012-08-02,13,13,13,13,0,0,0,0,0,NaN,5,5,36
2012-08-01,13,13,13,13,0,0,0,0,0,NaN,5,5,36
2012-07-31,13,13,13,13,0,0,0,0,0,NaN,5,5,36
2012-07-30,13,13,13,13,0,0,0,0,0,NaN,5,5,36
2012-07-27,13,11.6,13,11.6,669,0,-10.769230769230775,0,-10.769230769230775,Infinity,5,5,36
2012-07-26,11.6,11.6,11.6,11.6,0,-10.769230769230775,0,-10.769230769230775,0,-100,5,5,36
2012-07-25,11.6,11.6,11.6,11.6,0,0,0,0,0,NaN,5,5,36
2012-07-24,11.6,11.6,11.6,11.6,0,0,0,0,0,NaN,5,5,36
2012-07-23,11.6,11.6,11.6,11.6,0,0,0,0,0,NaN,5,5,36
2012-07-20,11.6,11.6,11.6,11.6,0,0,0,0,0,NaN,5,5,36
2012-07-19,11.6,11.6,11.6,11.6,90,0,0,0,0,Infinity,5,5,36
2012-07-18,11.1,11.1,11.1,11.1,0,-4.31034482758621,-4.31034482758621,-4.31034482758621,-4.31034482758621,-100,5,5,36
2012-07-17,11.1,11.1,11.1,11.1,0,0,0,0,0,NaN,5,5,36
2012-07-16,11.1,11.1,11.1,11.1,0,0,0,0,0,NaN,5,5,36
2012-07-13,11.1,11.1,11.1,11.1,0,0,0,0,0,NaN,5,5,36
2012-07-12,11.1,11.1,11.1,11.1,0,0,0,0,0,NaN,5,5,36
2012-07-11,11.1,11.1,11.1,11.1,0,0,0,0,0,NaN,5,5,36
2012-07-10,11.1,11.1,11.1,11.1,0,0,0,0,0,NaN,5,5,36
2012-07-09,11.1,11.1,11.1,11.1,0,0,0,0,0,NaN,5,5,36
2012-07-06,11.1,11.1,11.1,11.1,0,0,0,0,0,NaN,5,5,36
2012-07-05,11.1,11.1,11.1,11.1,329,0,0,0,0,Infinity,5,5,36
2012-07-04,11,11,11,11,0,-0.9009009009009028,-0.9009009009009028,-0.9009009009009028,-0.9009009009009028,-100,5,5,36
2012-07-03,11,11,11,11,0,0,0,0,0,NaN,5,5,36
2012-07-02,11,11,11,11,0,0,0,0,0,NaN,5,5,36
2012-06-29,11,11,11,11,0,0,0,0,0,NaN,5,5,36
2012-06-28,11,11,11,11,0,0,0,0,0,NaN,5,5,36
2012-06-27,11,11,11,11,0,0,0,0,0,NaN,5,5,36
2012-06-26,11,11,11,11,0,0,0,0,0,NaN,5,5,36
2012-06-25,11,11,11,11,0,0,0,0,0,NaN,5,5,36
2012-06-21,11,11,11,11,0,0,0,0,0,NaN,5,5,36
2012-06-20,11,11,11,11,0,0,0,0,0,NaN,5,5,36
2012-06-19,11,11,11,11,0,0,0,0,0,NaN,5,5,36
2012-06-18,11,11,11,11,0,0,0,0,0,NaN,5,5,36
2012-06-15,11,11,11,11,0,0,0,0,0,NaN,5,5,36
2012-06-14,11,11,11,11,0,0,0,0,0,NaN,5,5,36
2012-06-13,11,11,11,11,0,0,0,0,0,NaN,5,5,36
2012-06-12,11,11,11,11,0,0,0,0,0,NaN,5,5,36
2012-06-11,11,11,11,11,0,0,0,0,0,NaN,5,5,36
2012-06-08,11,11,11,11,0,0,0,0,0,NaN,5,5,36
2012-06-07,11,11,11,11,0,0,0,0,0,NaN,5,5,36
2012-06-05,11,11,11,11,2400,0,0,0,0,Infinity,5,5,36
2012-06-04,11.15,11.15,11.15,11.15,1000,1.3636363636363669,1.3636363636363669,1.3636363636363669,1.3636363636363669,-58.33333333333333,5,5,36
2012-06-01,12.8,12.8,12.8,12.8,0,14.798206278026903,14.798206278026903,14.798206278026903,14.798206278026903,-100,5,5,36
2012-05-31,12.8,12.8,12.8,12.8,0,0,0,0,0,NaN,5,5,36
2012-05-30,12.8,12.8,12.8,12.8,0,0,0,0,0,NaN,5,5,36
2012-05-29,12.8,12.8,12.8,12.8,400,0,0,0,0,Infinity,5,5,36
2012-05-28,12.2,11.6,11.6,12.2,3441,-4.687500000000011,-9.37500000000001,-9.37500000000001,-4.687500000000011,760.2499999999999,5,5,36
2012-05-25,12.5,12.5,12.5,12.5,0,2.459016393442637,7.758620689655182,7.758620689655182,2.459016393442637,-100,5,5,36
2012-05-24,12.5,11.5,12.5,11.5,2295,0,-7.9999999999999964,0,-7.9999999999999964,Infinity,5,5,36
2012-05-23,11.4,11.4,11.4,11.4,0,-8.799999999999997,-0.8695652173912993,-8.799999999999997,-0.8695652173912993,-100,5,5,36
2012-05-22,11.4,11.4,11.4,11.4,0,0,0,0,0,NaN,5,5,36
2012-05-21,11.4,11.4,11.4,11.4,0,0,0,0,0,NaN,5,5,36
2012-05-18,11.4,11.4,11.4,11.4,1100,0,0,0,0,Infinity,5,5,36
2012-05-16,12.3,12.3,12.3,12.3,0,7.8947368421052655,7.8947368421052655,7.8947368421052655,7.8947368421052655,-100,5,5,36
2012-05-15,12.3,12.3,12.3,12.3,0,0,0,0,0,NaN,5,5,36
2012-05-14,12.3,12.3,12.3,12.3,0,0,0,0,0,NaN,5,5,36
2012-05-11,12.3,12.3,12.3,12.3,0,0,0,0,0,NaN,5,5,36
2012-05-10,12.3,12.3,12.3,12.3,0,0,0,0,0,NaN,5,5,36
2012-05-09,12.3,12.3,12.3,12.3,0,0,0,0,0,NaN,5,5,36
2012-05-08,12.3,12.3,12.3,12.3,0,0,0,0,0,NaN,5,5,36
2012-05-07,12.3,12.3,12.3,12.3,0,0,0,0,0,NaN,5,5,36
2012-05-04,12.3,12.3,12.3,12.3,0,0,0,0,0,NaN,5,5,36
2012-05-03,12.3,12.3,12.3,12.3,0,0,0,0,0,NaN,5,5,36
2012-05-02,12.3,12.3,12.3,12.3,0,0,0,0,0,NaN,5,5,36
2012-04-30,12.3,12.3,12.3,12.3,0,0,0,0,0,NaN,5,5,36
2012-04-27,12.3,12.3,12.3,12.3,0,0,0,0,0,NaN,5,5,36
2012-04-26,12.3,12.3,12.3,12.3,0,0,0,0,0,NaN,5,5,36
2012-04-25,12.3,12.3,12.3,12.3,0,0,0,0,0,NaN,5,5,36
2012-04-24,12.3,12.3,12.3,12.3,0,0,0,0,0,NaN,5,5,36
2012-04-23,12.3,12.3,12.3,12.3,0,0,0,0,0,NaN,5,5,36
2012-04-20,12.3,12.3,12.3,12.3,0,0,0,0,0,NaN,5,5,36
2012-04-19,12.3,12.3,12.3,12.3,0,0,0,0,0,NaN,5,5,36
2012-04-18,12.3,12.3,12.3,12.3,0,0,0,0,0,NaN,5,5,36
2012-04-17,12.3,12.3,12.3,12.3,0,0,0,0,0,NaN,5,5,36
2012-04-16,12.3,12.3,12.3,12.3,0,0,0,0,0,NaN,5,5,36
2012-04-13,12.3,12.3,12.3,12.3,824,0,0,0,0,Infinity,5,5,36
2012-04-12,13,13,13,13,0,5.691056910569103,5.691056910569103,5.691056910569103,5.691056910569103,-100,5,5,36
2012-04-11,13,13,13,13,0,0,0,0,0,NaN,5,5,36
2012-04-10,13,13,13,13,0,0,0,0,0,NaN,5,5,36
2012-04-05,13,13,13,13,0,0,0,0,0,NaN,5,5,36
2012-04-04,13,13,13,13,0,0,0,0,0,NaN,5,5,36
2012-04-03,13,13,13,13,0,0,0,0,0,NaN,5,5,36
2012-04-02,13,13,13,13,0,0,0,0,0,NaN,5,5,36
2012-03-30,13,13,13,13,0,0,0,0,0,NaN,5,5,36
2012-03-29,13,13,13,13,0,0,0,0,0,NaN,5,5,36
2012-03-28,13,13,13,13,0,0,0,0,0,NaN,5,5,36
2012-03-27,13,13,13,13,0,0,0,0,0,NaN,5,5,36
2012-03-26,13,13,13,13,0,0,0,0,0,NaN,5,5,36
2012-03-23,13,13,13,13,0,0,0,0,0,NaN,5,5,36
2012-03-22,13,13,13,13,0,0,0,0,0,NaN,5,5,36
2012-03-21,13,13,13,13,0,0,0,0,0,NaN,5,5,36
2012-03-20,13,13,13,13,0,0,0,0,0,NaN,5,5,36
2012-03-19,13,13,13,13,0,0,0,0,0,NaN,5,5,36
2012-03-16,13,13,13,13,0,0,0,0,0,NaN,5,5,36
2012-03-15,13,13,13,13,0,0,0,0,0,NaN,5,5,36
2012-03-14,13,13,13,13,0,0,0,0,0,NaN,5,5,36
2012-03-13,13,13,13,13,0,0,0,0,0,NaN,5,5,36
2012-03-12,13,13,13,13,0,0,0,0,0,NaN,5,5,36
2012-03-09,13,13,13,13,0,0,0,0,0,NaN,5,5,36
2012-03-08,13,13,13,13,90,0,0,0,0,Infinity,5,5,36
2012-03-07,11.9,11.9,11.9,11.9,500,-8.461538461538453,-8.461538461538453,-8.461538461538453,-8.461538461538453,455.55555555555554,5,5,36
2012-03-06,12.2,12.2,12.2,12.2,0,2.5210084033613356,2.5210084033613356,2.5210084033613356,2.5210084033613356,-100,5,5,36
2012-03-05,12.2,12.2,12.2,12.2,800,0,0,0,0,Infinity,5,5,36
2012-03-02,13.75,11.8,13.75,11.8,2176,12.704918032786882,-3.2786885245901565,12.704918032786882,-3.2786885245901565,172.00000000000003,5,5,36
2012-03-01,11.2,11.2,11.2,11.2,0,-18.545454545454554,-5.084745762711873,-18.545454545454554,-5.084745762711873,-100,5,5,36
2012-02-29,11.2,11.2,11.2,11.2,0,0,0,0,0,NaN,5,5,36
2012-02-28,11.2,11.2,11.2,11.2,0,0,0,0,0,NaN,5,5,36
2012-02-27,11.2,11.2,11.2,11.2,0,0,0,0,0,NaN,5,5,36
2012-02-24,11.2,11.2,11.2,11.2,0,0,0,0,0,NaN,5,5,36
2012-02-23,11.2,11.2,11.2,11.2,0,0,0,0,0,NaN,5,5,36
2012-02-22,11.2,11.2,11.2,11.2,0,0,0,0,0,NaN,5,5,36
2012-02-21,11.2,11.2,11.2,11.2,0,0,0,0,0,NaN,5,5,36
2012-02-20,11.2,11.2,11.2,11.2,0,0,0,0,0,NaN,5,5,36
2012-02-17,11.2,11.2,11.2,11.2,1000,0,0,0,0,Infinity,5,5,36
2012-02-16,10.5,10.5,10.5,10.5,0,-6.249999999999989,-6.249999999999989,-6.249999999999989,-6.249999999999989,-100,5,5,36
2012-02-15,10.5,10.5,10.5,10.5,0,0,0,0,0,NaN,5,5,36
2012-02-14,10.5,10.5,10.5,10.5,0,0,0,0,0,NaN,5,5,36
2012-02-13,10.5,10.5,10.5,10.5,0,0,0,0,0,NaN,5,5,36
2012-02-10,10.5,10.5,10.5,10.5,900,0,0,0,0,Infinity,5,5,36
2012-02-09,11.4,11.4,11.4,11.4,0,8.571428571428585,8.571428571428585,8.571428571428585,8.571428571428585,-100,5,5,36
2012-02-08,11.4,11.4,11.4,11.4,0,0,0,0,0,NaN,5,5,36
2012-02-07,11.4,11.4,11.4,11.4,0,0,0,0,0,NaN,5,5,36
2012-02-06,11.4,11.4,11.4,11.4,0,0,0,0,0,NaN,5,5,36
2012-02-03,11.4,11.4,11.4,11.4,0,0,0,0,0,NaN,5,5,36
2012-02-02,11.4,11.4,11.4,11.4,0,0,0,0,0,NaN,5,5,36
2012-02-01,11.4,11.4,11.4,11.4,600,0,0,0,0,Infinity,5,5,36
2012-01-31,11,11,11,11,0,-3.508771929824561,-3.508771929824561,-3.508771929824561,-3.508771929824561,-100,5,5,36
2012-01-30,11,11,11,11,0,0,0,0,0,NaN,5,5,36
2012-01-27,11,11,11,11,0,0,0,0,0,NaN,5,5,36
2012-01-26,11,11,11,11,0,0,0,0,0,NaN,5,5,36
2012-01-25,11,11,11,11,2000,0,0,0,0,Infinity,5,5,36
2012-01-24,11,11,11,11,0,0,0,0,0,-100,5,5,36
2012-01-23,11,11,11,11,0,0,0,0,0,NaN,5,5,36
2012-01-20,11,11,11,11,0,0,0,0,0,NaN,5,5,36
2012-01-19,11,11,11,11,0,0,0,0,0,NaN,5,5,36
2012-01-18,11,11,11,11,0,0,0,0,0,NaN,5,5,36
2012-01-17,11,11,11,11,0,0,0,0,0,NaN,5,5,36
2012-01-16,11,11,11,11,0,0,0,0,0,NaN,5,5,36
2012-01-13,11,11,11,11,800,0,0,0,0,Infinity,5,5,36
2012-01-12,11,11,11,11,627,0,0,0,0,-21.625000000000007,5,5,36
2012-01-11,11,11,11,11,0,0,0,0,0,-100,5,5,36
2012-01-10,11,11,11,11,273,0,0,0,0,Infinity,5,5,36
2012-01-09,10.4,10.4,10.4,10.4,0,-5.454545454545457,-5.454545454545457,-5.454545454545457,-5.454545454545457,-100,5,5,36
2012-01-05,10.4,10.4,10.4,10.4,0,0,0,0,0,NaN,5,5,36
2012-01-04,10.4,10.4,10.4,10.4,0,0,0,0,0,NaN,5,5,36
2012-01-03,10.4,10.4,10.4,10.4,0,0,0,0,0,NaN,5,5,36
2012-01-02,10.4,10.4,10.4,10.4,0,0,0,0,0,NaN,5,5,36
2011-12-30,10.4,10.4,10.4,10.4,0,0,0,0,0,NaN,5,5,36
2011-12-29,10.4,10.4,10.4,10.4,0,0,0,0,0,NaN,5,5,36
2011-12-28,10.4,10.4,10.4,10.4,0,0,0,0,0,NaN,5,5,36
2011-12-27,10.4,10.4,10.4,10.4,0,0,0,0,0,NaN,5,5,36
2011-12-23,10.4,10.4,10.4,10.4,0,0,0,0,0,NaN,5,5,36
2011-12-22,10.4,10.4,10.4,10.4,1,0,0,0,0,Infinity,5,5,36
2011-12-21,10.4,10.4,10.4,10.4,0,0,0,0,0,-100,5,5,36
2011-12-20,10.4,10.4,10.4,10.4,0,0,0,0,0,NaN,5,5,36
2011-12-19,10.4,10.4,10.4,10.4,0,0,0,0,0,NaN,5,5,36
2011-12-16,10.4,10.4,10.4,10.4,2300,0,0,0,0,Infinity,5,5,36
2011-12-15,10.4,10.4,10.4,10.4,2200,0,0,0,0,-4.347826086956519,5,5,36
2011-12-14,10.2,10.2,10.2,10.2,0,-1.9230769230769384,-1.9230769230769384,-1.9230769230769384,-1.9230769230769384,-100,5,5,36
2011-12-13,10.2,10.2,10.2,10.2,2400,0,0,0,0,Infinity,5,5,36
2011-12-12,10,10,10,10,0,-1.9607843137254832,-1.9607843137254832,-1.9607843137254832,-1.9607843137254832,-100,5,5,36
2011-12-09,10,10,10,10,0,0,0,0,0,NaN,5,5,36
2011-12-08,10.4,10,10,10.4,4400,4.0000000000000036,0,0,4.0000000000000036,Infinity,5,5,36
2011-12-07,11,10,10,11,4600,5.769230769230771,0,0,5.769230769230771,4.545454545454541,5,5,36
2011-12-06,11.9,11.9,11.9,11.9,0,8.18181818181818,18.999999999999993,18.999999999999993,8.18181818181818,-100,5,5,36
2011-12-05,11.9,11.9,11.9,11.9,0,0,0,0,0,NaN,5,5,36
2011-12-02,11.9,11.9,11.9,11.9,0,0,0,0,0,NaN,5,5,36
2011-12-01,11.9,11.9,11.9,11.9,0,0,0,0,0,NaN,5,5,36
2011-11-30,11.9,11.9,11.9,11.9,0,0,0,0,0,NaN,5,5,36
2011-11-29,11.9,11.9,11.9,11.9,0,0,0,0,0,NaN,5,5,36
2011-11-28,11.9,11.9,11.9,11.9,0,0,0,0,0,NaN,5,5,36
2011-11-25,11.9,11.9,11.9,11.9,0,0,0,0,0,NaN,5,5,36
2011-11-24,11.9,11.9,11.9,11.9,0,0,0,0,0,NaN,5,5,36
2011-11-23,11.9,11.9,11.9,11.9,0,0,0,0,0,NaN,5,5,36
2011-11-22,11.9,11.9,11.9,11.9,0,0,0,0,0,NaN,5,5,36
2011-11-21,11.9,11.9,11.9,11.9,0,0,0,0,0,NaN,5,5,36
2011-11-18,11.9,11.9,11.9,11.9,1,0,0,0,0,Infinity,5,5,36
2011-11-17,10.4,10.4,10.4,10.4,0,-12.605042016806722,-12.605042016806722,-12.605042016806722,-12.605042016806722,-100,5,5,36
2011-11-16,10.4,10.4,10.4,10.4,0,0,0,0,0,NaN,5,5,36
2011-11-15,10.4,10.4,10.4,10.4,0,0,0,0,0,NaN,5,5,36
2011-11-14,10.4,10.4,10.4,10.4,0,0,0,0,0,NaN,5,5,36
2011-11-11,10.4,10.4,10.4,10.4,0,0,0,0,0,NaN,5,5,36
2011-11-10,10.4,10.4,10.4,10.4,0,0,0,0,0,NaN,5,5,36
2011-11-09,10.4,10.4,10.4,10.4,0,0,0,0,0,NaN,5,5,36
2011-11-08,10.4,10.4,10.4,10.4,0,0,0,0,0,NaN,5,5,36
2011-11-07,10.4,10.4,10.4,10.4,2746,0,0,0,0,Infinity,5,5,36
2011-11-04,10.4,10.4,10.4,10.4,0,0,0,0,0,-100,5,5,36
2011-11-03,10.6,10.4,10.4,10.6,5254,1.9230769230769162,0,0,1.9230769230769162,Infinity,5,5,36
2011-11-02,10.6,10.6,10.6,10.6,0,0,1.9230769230769162,1.9230769230769162,0,-100,5,5,36
2011-11-01,10.6,10.6,10.6,10.6,680,0,0,0,0,Infinity,5,5,36
2011-10-31,10.5,10.5,10.5,10.5,0,-0.9433962264150941,-0.9433962264150941,-0.9433962264150941,-0.9433962264150941,-100,5,5,36
2011-10-28,10.5,10.5,10.5,10.5,0,0,0,0,0,NaN,5,5,36
2011-10-27,10.5,10.5,10.5,10.5,0,0,0,0,0,NaN,5,5,36
2011-10-26,10.5,10.5,10.5,10.5,0,0,0,0,0,NaN,5,5,36
2011-10-25,10.7,10.5,10.5,10.7,3600,1.904761904761898,0,0,1.904761904761898,Infinity,5,5,36
2011-10-24,11.95,11.95,11.95,11.95,0,11.682242990654213,13.809523809523805,13.809523809523805,11.682242990654213,-100,5,5,36
2011-10-21,11.95,11.95,11.95,11.95,0,0,0,0,0,NaN,5,5,36
2011-10-20,11.95,11.95,11.95,11.95,1,0,0,0,0,Infinity,5,5,36
2011-10-19,11.95,11.95,11.95,11.95,32,0,0,0,0,3100,5,5,36
2011-10-18,11.95,11.95,11.95,11.95,0,0,0,0,0,-100,5,5,36
2011-10-17,11.95,11.95,11.95,11.95,0,0,0,0,0,NaN,5,5,36
2011-10-14,11.95,11.95,11.95,11.95,0,0,0,0,0,NaN,5,5,36
2011-10-13,11.95,11.95,11.95,11.95,0,0,0,0,0,NaN,5,5,36
2011-10-12,11.95,11.95,11.95,11.95,0,0,0,0,0,NaN,5,5,36
2011-10-11,11.95,11.95,11.95,11.95,0,0,0,0,0,NaN,5,5,36
2011-10-10,11.95,11.95,11.95,11.95,0,0,0,0,0,NaN,5,5,36
2011-10-07,11.95,11.95,11.95,11.95,0,0,0,0,0,NaN,5,5,36
2011-10-06,11.95,11.95,11.95,11.95,0,0,0,0,0,NaN,5,5,36
2011-10-05,11.95,11.95,11.95,11.95,0,0,0,0,0,NaN,5,5,36
2011-10-04,11.95,11.95,11.95,11.95,0,0,0,0,0,NaN,5,5,36
2011-10-03,11.95,11.95,11.95,11.95,0,0,0,0,0,NaN,5,5,36
2011-09-30,11.95,11.95,11.95,11.95,0,0,0,0,0,NaN,5,5,36
2011-09-29,11.95,11.95,11.95,11.95,0,0,0,0,0,NaN,5,5,36
2011-09-28,11.95,11.95,11.95,11.95,0,0,0,0,0,NaN,5,5,36
2011-09-27,11.95,11.95,11.95,11.95,0,0,0,0,0,NaN,5,5,36
2011-09-26,11.95,11.95,11.95,11.95,0,0,0,0,0,NaN,5,5,36
2011-09-23,11.95,11.95,11.95,11.95,0,0,0,0,0,NaN,5,5,36
2011-09-22,11.95,11.95,11.95,11.95,119,0,0,0,0,Infinity,5,5,36
2011-09-21,11.95,11.95,11.95,11.95,281,0,0,0,0,136.1344537815126,5,5,36
2011-09-20,11.95,11.95,11.95,11.95,0,0,0,0,0,-100,5,5,36
2011-09-19,11.95,11.95,11.95,11.95,8,0,0,0,0,Infinity,5,5,36
2011-09-16,11.95,11.95,11.95,11.95,25,0,0,0,0,212.5,5,5,36
2011-09-15,10.7,10.7,10.7,10.7,0,-10.460251046025103,-10.460251046025103,-10.460251046025103,-10.460251046025103,-100,5,5,36
2011-09-14,10.7,10.7,10.7,10.7,0,0,0,0,0,NaN,5,5,36
2011-09-13,10.7,10.7,10.7,10.7,0,0,0,0,0,NaN,5,5,36
2011-09-12,10.7,10.7,10.7,10.7,0,0,0,0,0,NaN,5,5,36
2011-09-09,10.7,10.7,10.7,10.7,0,0,0,0,0,NaN,5,5,36
2011-09-08,10.7,10.7,10.7,10.7,0,0,0,0,0,NaN,5,5,36
2011-09-07,10.7,10.7,10.7,10.7,0,0,0,0,0,NaN,5,5,36
2011-09-06,10.7,10.7,10.7,10.7,3944,0,0,0,0,Infinity,5,5,36
2011-09-05,10.8,10.7,10.7,10.8,1000,0.9345794392523477,0,0,0.9345794392523477,-74.64503042596348,5,5,36
2011-09-02,10.8,10.8,10.8,10.8,0,0,0.9345794392523477,0.9345794392523477,0,-100,5,5,36
2011-09-01,10.8,10.8,10.8,10.8,0,0,0,0,0,NaN,5,5,36
2011-08-31,10.8,10.8,10.8,10.8,0,0,0,0,0,NaN,5,5,36
2011-08-30,10.8,10.8,10.8,10.8,0,0,0,0,0,NaN,5,5,36
2011-08-29,10.8,10.8,10.8,10.8,0,0,0,0,0,NaN,5,5,36
2011-08-26,10.8,10.8,10.8,10.8,0,0,0,0,0,NaN,5,5,36
2011-08-25,10.8,10.8,10.8,10.8,0,0,0,0,0,NaN,5,5,36
2011-08-24,10.8,10.8,10.8,10.8,0,0,0,0,0,NaN,5,5,36
2011-08-23,10.8,10.8,10.8,10.8,0,0,0,0,0,NaN,5,5,36
2011-08-22,10.8,10.8,10.8,10.8,2227,0,0,0,0,Infinity,5,5,36
2011-08-19,10.8,10.8,10.8,10.8,0,0,0,0,0,-100,5,5,36
2011-08-18,10.8,10.8,10.8,10.8,2223,0,0,0,0,Infinity,5,5,36
2011-08-17,11.8,11.8,11.8,11.8,0,9.259259259259256,9.259259259259256,9.259259259259256,9.259259259259256,-100,5,5,36
2011-08-16,11.8,11.8,11.8,11.8,50,0,0,0,0,Infinity,5,5,36
2011-08-15,10.8,10.8,10.8,10.8,77,-8.47457627118644,-8.47457627118644,-8.47457627118644,-8.47457627118644,54,5,5,36
2011-08-12,11,11,11,11,0,1.8518518518518379,1.8518518518518379,1.8518518518518379,1.8518518518518379,-100,5,5,36
2011-08-11,11,11,11,11,0,0,0,0,0,NaN,5,5,36
2011-08-10,11,11,11,11,2000,0,0,0,0,Infinity,5,5,36
2011-08-09,11,11,11,11,14480,0,0,0,0,624,5,5,36
2011-08-08,11.2,11.2,11.2,11.2,0,1.8181818181818077,1.8181818181818077,1.8181818181818077,1.8181818181818077,-100,5,5,36
2011-08-05,11.2,11.2,11.2,11.2,0,0,0,0,0,NaN,5,5,36
2011-08-04,11.2,11.2,11.2,11.2,0,0,0,0,0,NaN,5,5,36
2011-08-03,11.2,11.2,11.2,11.2,5150,0,0,0,0,Infinity,5,5,36
2011-08-02,11.25,11.25,11.25,11.25,0,0.44642857142858094,0.44642857142858094,0.44642857142858094,0.44642857142858094,-100,5,5,36
2011-08-01,11.25,11.25,11.25,11.25,0,0,0,0,0,NaN,5,5,36
2011-07-29,11.25,11.25,11.25,11.25,300,0,0,0,0,Infinity,5,5,36
2011-07-28,11.2,11.2,11.2,11.2,500,-0.4444444444444473,-0.4444444444444473,-0.4444444444444473,-0.4444444444444473,66.66666666666667,5,5,36
2011-07-27,11.15,11.15,11.15,11.15,0,-0.44642857142855874,-0.44642857142855874,-0.44642857142855874,-0.44642857142855874,-100,5,5,36
2011-07-26,11.15,11.15,11.15,11.15,0,0,0,0,0,NaN,5,5,36
2011-07-25,11.15,11.15,11.15,11.15,0,0,0,0,0,NaN,5,5,36
2011-07-22,11.15,11.15,11.15,11.15,0,0,0,0,0,NaN,5,5,36
2011-07-21,11.15,11.15,11.15,11.15,0,0,0,0,0,NaN,5,5,36
2011-07-20,11.15,11.15,11.15,11.15,3,0,0,0,0,Infinity,5,5,36
2011-07-19,11.15,11.15,11.15,11.15,2000,0,0,0,0,66566.66666666666,5,5,36
2011-07-18,11.1,11.1,11.1,11.1,0,-0.4484304932735439,-0.4484304932735439,-0.4484304932735439,-0.4484304932735439,-100,5,5,36
2011-07-15,11.1,11.1,11.1,11.1,20,0,0,0,0,Infinity,5,5,36
2011-07-14,11.4,11.4,11.4,11.4,0,2.7027027027027195,2.7027027027027195,2.7027027027027195,2.7027027027027195,-100,5,5,36
2011-07-13,11.4,11.4,11.4,11.4,80,0,0,0,0,Infinity,5,5,36
2011-07-12,11.1,11.1,11.1,11.1,0,-2.6315789473684292,-2.6315789473684292,-2.6315789473684292,-2.6315789473684292,-100,5,5,36
2011-07-11,11.1,11.1,11.1,11.1,0,0,0,0,0,NaN,5,5,36
2011-07-08,11.1,11.1,11.1,11.1,0,0,0,0,0,NaN,5,5,36
2011-07-07,11.1,11.1,11.1,11.1,370,0,0,0,0,Infinity,5,5,36
2011-07-06,11,11,11,11,0,-0.9009009009009028,-0.9009009009009028,-0.9009009009009028,-0.9009009009009028,-100,5,5,36
2011-07-05,11,11,11,11,0,0,0,0,0,NaN,5,5,36
2011-07-04,11,11,11,11,0,0,0,0,0,NaN,5,5,36
2011-07-01,11,11,11,11,0,0,0,0,0,NaN,5,5,36
2011-06-30,11,11,11,11,2022,0,0,0,0,Infinity,5,5,36
2011-06-29,11.9,11.9,11.9,11.9,0,8.18181818181818,8.18181818181818,8.18181818181818,8.18181818181818,-100,5,5,36
2011-06-28,11.9,11.9,11.9,11.9,0,0,0,0,0,NaN,5,5,36
2011-06-27,11.9,11.9,11.9,11.9,0,0,0,0,0,NaN,5,5,36
2011-06-23,11.9,11.9,11.9,11.9,0,0,0,0,0,NaN,5,5,36
2011-06-22,11.9,11.9,11.9,11.9,0,0,0,0,0,NaN,5,5,36
2011-06-21,11.9,11.9,11.9,11.9,0,0,0,0,0,NaN,5,5,36
2011-06-20,11.9,11.9,11.9,11.9,0,0,0,0,0,NaN,5,5,36
2011-06-17,11.9,11.9,11.9,11.9,13,0,0,0,0,Infinity,5,5,36
2011-06-16,11.9,11.9,11.9,11.9,20,0,0,0,0,53.846153846153854,5,5,36
2011-06-15,11.9,11.9,11.9,11.9,0,0,0,0,0,-100,5,5,36
2011-06-14,11.9,11.9,11.9,11.9,0,0,0,0,0,NaN,5,5,36
2011-06-13,11.9,11.9,11.9,11.9,0,0,0,0,0,NaN,5,5,36
2011-06-10,11.9,11.9,11.9,11.9,0,0,0,0,0,NaN,5,5,36
2011-06-09,11.9,11.9,11.9,11.9,0,0,0,0,0,NaN,5,5,36
2011-06-08,11.9,11.9,11.9,11.9,0,0,0,0,0,NaN,5,5,36
2011-06-07,11.9,11.9,11.9,11.9,0,0,0,0,0,NaN,5,5,36
2011-06-03,11.9,11.9,11.9,11.9,0,0,0,0,0,NaN,5,5,36
2011-06-01,11.9,11.9,11.9,11.9,0,0,0,0,0,NaN,5,5,36
2011-05-31,11.9,11.9,11.9,11.9,0,0,0,0,0,NaN,5,5,36
2011-05-30,11.9,11.9,11.9,11.9,0,0,0,0,0,NaN,5,5,36
2011-05-27,11.9,11.9,11.9,11.9,0,0,0,0,0,NaN,5,5,36
2011-05-26,11.9,11.9,11.9,11.9,0,0,0,0,0,NaN,5,5,36
2011-05-25,11.9,11.9,11.9,11.9,0,0,0,0,0,NaN,5,5,36
2011-05-24,11.9,11.9,11.9,11.9,0,0,0,0,0,NaN,5,5,36
2011-05-23,11.9,11.9,11.9,11.9,0,0,0,0,0,NaN,5,5,36
2011-05-20,11.9,11.9,11.9,11.9,0,0,0,0,0,NaN,5,5,36
2011-05-19,11.9,11.9,11.9,11.9,0,0,0,0,0,NaN,5,5,36
2011-05-18,11.9,11.9,11.9,11.9,0,0,0,0,0,NaN,5,5,36
2011-05-17,11.9,11.9,11.9,11.9,0,0,0,0,0,NaN,5,5,36
2011-05-16,11.9,11.9,11.9,11.9,150,0,0,0,0,Infinity,5,5,36
2011-05-13,12.3,12.3,12.3,12.3,0,3.3613445378151363,3.3613445378151363,3.3613445378151363,3.3613445378151363,-100,5,5,36
2011-05-12,12.3,12.3,12.3,12.3,0,0,0,0,0,NaN,5,5,36
2011-05-11,12.3,12.3,12.3,12.3,0,0,0,0,0,NaN,5,5,36
2011-05-10,12.3,12.3,12.3,12.3,0,0,0,0,0,NaN,5,5,36
2011-05-09,12.3,12.3,12.3,12.3,0,0,0,0,0,NaN,5,5,36
2011-05-06,12.3,12.3,12.3,12.3,0,0,0,0,0,NaN,5,5,36
2011-05-05,12.3,12.3,12.3,12.3,0,0,0,0,0,NaN,5,5,36
2011-05-04,12.3,12.3,12.3,12.3,20,0,0,0,0,Infinity,5,5,36
2011-05-03,12.3,12.3,12.3,12.3,300,0,0,0,0,1400,5,5,36
2011-05-02,12.3,12.3,12.3,12.3,0,0,0,0,0,-100,5,5,36
2011-04-29,12.3,12.3,12.3,12.3,0,0,0,0,0,NaN,5,5,36
2011-04-28,12.3,12.3,12.3,12.3,0,0,0,0,0,NaN,5,5,36
2011-04-27,12.3,12.3,12.3,12.3,0,0,0,0,0,NaN,5,5,36
2011-04-26,12.3,12.3,12.3,12.3,0,0,0,0,0,NaN,5,5,36
2011-04-21,12.3,12.3,12.3,12.3,0,0,0,0,0,NaN,5,5,36
2011-04-20,12.3,12.3,12.3,12.3,0,0,0,0,0,NaN,5,5,36
2011-04-19,12.3,12.3,12.3,12.3,0,0,0,0,0,NaN,5,5,36
2011-04-18,12.3,12.3,12.3,12.3,32,0,0,0,0,Infinity,5,5,36
2011-04-15,12.3,12.3,12.3,12.3,1000,0,0,0,0,3025,5,5,36
2011-04-14,11.1,11.1,11.1,11.1,10038,-9.756097560975618,-9.756097560975618,-9.756097560975618,-9.756097560975618,903.8000000000001,5,5,36
2011-04-13,11,11,11,11,11000,-0.9009009009009028,-0.9009009009009028,-0.9009009009009028,-0.9009009009009028,9.583582386929667,5,5,36
2011-04-12,11,11,11,11,11080,0,0,0,0,0.727272727272732,5,5,36
2011-04-11,11,11,11,11,20000,0,0,0,0,80.50541516245487,5,5,36
2011-04-08,11.3,11.3,11.3,11.3,0,2.7272727272727337,2.7272727272727337,2.7272727272727337,2.7272727272727337,-100,5,5,36
2011-04-07,11.3,11.3,11.3,11.3,0,0,0,0,0,NaN,5,5,36
2011-04-06,11.3,11.3,11.3,11.3,0,0,0,0,0,NaN,5,5,36
2011-04-05,11.3,11.3,11.3,11.3,0,0,0,0,0,NaN,5,5,36
2011-04-04,11.3,11.3,11.3,11.3,1000,0,0,0,0,Infinity,5,5,36
2011-04-01,11.3,11.3,11.3,11.3,0,0,0,0,0,-100,5,5,36
2011-03-31,11.3,11.3,11.3,11.3,155,0,0,0,0,Infinity,5,5,36
2011-03-30,12.3,12.3,12.3,12.3,1000,8.849557522123884,8.849557522123884,8.849557522123884,8.849557522123884,545.1612903225806,5,5,36
2011-03-29,11.3,11.3,11.3,11.3,0,-8.130081300813007,-8.130081300813007,-8.130081300813007,-8.130081300813007,-100,5,5,36
2011-03-28,11.3,11.3,11.3,11.3,0,0,0,0,0,NaN,5,5,36
2011-03-25,11.3,11.3,11.3,11.3,183,0,0,0,0,Infinity,5,5,36
2011-03-24,11.3,11.3,11.3,11.3,0,0,0,0,0,-100,5,5,36
2011-03-23,11.3,11.3,11.3,11.3,0,0,0,0,0,NaN,5,5,36
2011-03-22,12,11.3,11.3,12,1817,6.194690265486713,0,0,6.194690265486713,Infinity,5,5,36
2011-03-21,12,11.3,11.3,12,600,0,0,0,0,-66.97853604843148,5,5,36
2011-03-18,12.3,12.3,12.3,12.3,25,2.5000000000000133,8.849557522123884,8.849557522123884,2.5000000000000133,-95.83333333333334,5,5,36
2011-03-17,12.3,12.3,12.3,12.3,7,0,0,0,0,-72,5,5,36
2011-03-16,12.3,11.4,12.3,11.4,697,0,-7.317073170731714,0,-7.317073170731714,9857.142857142857,5,5,36
2011-03-15,11.4,11.4,11.4,11.4,170,-7.317073170731714,0,-7.317073170731714,0,-75.60975609756098,5,5,36
2011-03-14,11.85,11.85,11.85,11.85,8,3.9473684210526327,3.9473684210526327,3.9473684210526327,3.9473684210526327,-95.29411764705881,5,5,36
2011-03-11,11.85,11.85,11.85,11.85,0,0,0,0,0,-100,5,5,36
2011-03-10,12.3,11.8,11.85,12.3,4272,3.797468354430378,-0.42194092827003704,0,3.797468354430378,Infinity,5,5,36
2011-03-09,12.3,11.7,12.3,12.3,12721,0,-0.8474576271186529,3.797468354430378,0,197.77621722846442,5,5,36
2011-03-08,11.5,11,11.5,11,17242,-6.504065040650408,-5.982905982905972,-6.504065040650408,-10.569105691056912,35.53965883185284,5,5,36
2011-03-07,11,11,11,11,0,-4.347826086956519,0,-4.347826086956519,0,-100,5,5,36
2011-03-04,11,11,11,11,0,0,0,0,0,NaN,5,5,36
2011-03-03,11,11,11,11,400,0,0,0,0,Infinity,5,5,36
2011-03-02,11.5,10.05,11,11.5,3800,4.545454545454541,-8.636363636363631,0,4.545454545454541,850,5,5,36
2011-03-01,11.4,11.4,11.4,11.4,0,-0.8695652173912993,13.432835820895516,3.6363636363636376,-0.8695652173912993,-100,5,5,36
2011-02-28,11.4,11.4,11.4,11.4,0,0,0,0,0,NaN,5,5,36
2011-02-25,11.4,11.4,11.4,11.4,0,0,0,0,0,NaN,5,5,36
2011-02-24,11.4,11.4,11.4,11.4,0,0,0,0,0,NaN,5,5,36
2011-02-23,11.4,11.4,11.4,11.4,0,0,0,0,0,NaN,5,5,36
2011-02-22,11.4,11.4,11.4,11.4,420,0,0,0,0,Infinity,5,5,36
2011-02-21,11.3,11.3,11.3,11.3,540,-0.877192982456132,-0.877192982456132,-0.877192982456132,-0.877192982456132,28.57142857142858,5,5,36
2011-02-18,11.3,11.3,11.3,11.3,0,0,0,0,0,-100,5,5,36
2011-02-17,11.3,11.3,11.3,11.3,0,0,0,0,0,NaN,5,5,36
2011-02-16,11.3,11.3,11.3,11.3,50,0,0,0,0,Infinity,5,5,36
2011-02-15,10.6,10.6,10.6,10.6,0,-6.194690265486735,-6.194690265486735,-6.194690265486735,-6.194690265486735,-100,5,5,36
2011-02-14,10.6,10.6,10.6,10.6,0,0,0,0,0,NaN,5,5,36
2011-02-11,10.6,10.6,10.6,10.6,0,0,0,0,0,NaN,5,5,36
2011-02-10,10.6,10.6,10.6,10.6,1000,0,0,0,0,Infinity,5,5,36
2011-02-09,10.5,10.5,10.5,10.5,0,-0.9433962264150941,-0.9433962264150941,-0.9433962264150941,-0.9433962264150941,-100,5,5,36
2011-02-08,10.5,10.5,10.5,10.5,0,0,0,0,0,NaN,5,5,36
2011-02-07,10.5,10.5,10.5,10.5,1100,0,0,0,0,Infinity,5,5,36
2011-02-04,11,11,11,11,1000,4.761904761904767,4.761904761904767,4.761904761904767,4.761904761904767,-9.090909090909093,5,5,36
2011-02-03,10.7,10.7,10.7,10.7,0,-2.7272727272727337,-2.7272727272727337,-2.7272727272727337,-2.7272727272727337,-100,5,5,36
2011-02-02,10.7,10.7,10.7,10.7,0,0,0,0,0,NaN,5,5,36
2011-02-01,10.7,10.7,10.7,10.7,0,0,0,0,0,NaN,5,5,36
2011-01-31,10.8,10.7,10.7,10.8,4250,0.9345794392523477,0,0,0.9345794392523477,Infinity,5,5,36
2011-01-28,11,11,11,11,350,1.8518518518518379,2.8037383177570208,2.8037383177570208,1.8518518518518379,-91.76470588235294,5,5,36
2011-01-27,11,11,11,11,750,0,0,0,0,114.28571428571428,5,5,36
2011-01-26,11.7,11.7,11.7,11.7,10,6.363636363636349,6.363636363636349,6.363636363636349,6.363636363636349,-98.66666666666667,5,5,36
2011-01-25,11.05,11.05,11.05,11.05,0,-5.5555555555555465,-5.5555555555555465,-5.5555555555555465,-5.5555555555555465,-100,5,5,36
2011-01-24,11.05,11.05,11.05,11.05,0,0,0,0,0,NaN,5,5,36
2011-01-21,11.05,11.05,11.05,11.05,0,0,0,0,0,NaN,5,5,36
2011-01-20,11.05,11.05,11.05,11.05,0,0,0,0,0,NaN,5,5,36
2011-01-19,11.2,11,11.05,11.2,13803,1.3574660633484115,-0.4524886877828149,0,1.3574660633484115,Infinity,5,5,36
2011-01-18,11.5,11.3,11.3,11.5,7630,2.6785714285714413,2.7272727272727337,2.262443438914019,2.6785714285714413,-44.722161848873434,5,5,36
2011-01-17,11.5,11.3,11.3,11.5,2600,0,0,0,0,-65.92398427260812,5,5,36
2011-01-14,11.3,11.1,11.2,11.3,30300,-1.7391304347825987,-1.7699115044247926,-0.8849557522124019,-1.7391304347825987,1065.3846153846152,5,5,36
2011-01-13,11.45,11.2,11.45,11.3,29492,1.327433628318575,0.9009009009008917,2.2321428571428603,0,-2.6666666666666616,5,5,36
2011-01-12,11.3,11.3,11.3,11.3,3000,-1.3100436681222627,0.8928571428571619,-1.3100436681222627,0,-89.8277498982775,5,5,36
2011-01-11,11.2,11.2,11.2,11.2,0,-0.8849557522124019,-0.8849557522124019,-0.8849557522124019,-0.8849557522124019,-100,5,5,36
2011-01-10,11.2,11.2,11.2,11.2,0,0,0,0,0,NaN,5,5,36
2011-01-07,11.2,11.2,11.2,11.2,0,0,0,0,0,NaN,5,5,36
2011-01-05,11.25,11.2,11.2,11.25,3272,0.44642857142858094,0,0,0.44642857142858094,Infinity,5,5,36
2011-01-04,11.2,11.2,11.2,11.2,0,-0.4444444444444473,0,0,-0.4444444444444473,-100,5,5,36
2011-01-03,11.2,11.2,11.2,11.2,0,0,0,0,0,NaN,5,5,36
2010-12-30,11.3,11.2,11.2,11.3,1000,0.8928571428571619,0,0,0.8928571428571619,Infinity,5,5,36
2010-12-29,11.4,11.2,11.2,11.4,2900,0.8849557522123908,0,0,0.8849557522123908,190,5,5,36
2010-12-28,11.2,11.2,11.2,11.2,0,-1.7543859649122862,0,0,-1.7543859649122862,-100,5,5,36
2010-12-27,11.2,11.2,11.2,11.2,600,0,0,0,0,Infinity,5,5,36
2010-12-23,11.4,11.4,11.4,11.4,0,1.7857142857143016,1.7857142857143016,1.7857142857143016,1.7857142857143016,-100,5,5,36
2010-12-22,11.4,11.3,11.4,11.3,1100,0,-0.877192982456132,0,-0.877192982456132,Infinity,5,5,36
2010-12-21,11,10.5,10.5,11,3000,-3.508771929824561,-7.079646017699126,-7.8947368421052655,-2.6548672566371723,172.72727272727272,5,5,36
2010-12-20,11.2,11,11.2,11,1000,1.8181818181818077,4.761904761904767,6.666666666666665,0,-66.66666666666667,5,5,36
2010-12-17,10.8,10.8,10.8,10.8,36,-3.5714285714285587,-1.8181818181818077,-3.5714285714285587,-1.8181818181818077,-96.39999999999999,5,5,36
2010-12-16,10.8,10.8,10.8,10.8,0,0,0,0,0,-100,5,5,36
2010-12-15,11,10.8,10.8,11,950,1.8518518518518379,0,0,1.8518518518518379,Infinity,5,5,36
2010-12-14,11,11,11,11,0,0,1.8518518518518379,1.8518518518518379,0,-100,5,5,36
2010-12-13,11,11,11,11,500,0,0,0,0,Infinity,5,5,36
2010-12-10,11,11,11,11,0,0,0,0,0,-100,5,5,36
2010-12-09,11,11,11,11,0,0,0,0,0,NaN,5,5,36
2010-12-08,11,11,11,11,0,0,0,0,0,NaN,5,5,36
2010-12-07,11,11,11,11,2240,0,0,0,0,Infinity,5,5,36
2010-12-06,11,11,11,11,700,0,0,0,0,-68.75,5,5,36
2010-12-03,11,11,11,11,3250,0,0,0,0,364.28571428571433,5,5,36
2010-12-02,12,12,12,12,0,9.090909090909083,9.090909090909083,9.090909090909083,9.090909090909083,-100,5,5,36
2010-12-01,12,12,12,12,0,0,0,0,0,NaN,5,5,36
2010-11-30,12,12,12,12,0,0,0,0,0,NaN,5,5,36
2010-11-29,12,12,12,12,0,0,0,0,0,NaN,5,5,36
2010-11-26,12,12,12,12,0,0,0,0,0,NaN,5,5,36
2010-11-25,12,12,12,12,0,0,0,0,0,NaN,5,5,36
2010-11-24,12,12,12,12,0,0,0,0,0,NaN,5,5,36
2010-11-23,12,12,12,12,0,0,0,0,0,NaN,5,5,36
2010-11-22,12,12,12,12,0,0,0,0,0,NaN,5,5,36
2010-11-19,12,12,12,12,0,0,0,0,0,NaN,5,5,36
2010-11-18,12,12,12,12,0,0,0,0,0,NaN,5,5,36
2010-11-17,12,12,12,12,100,0,0,0,0,Infinity,5,5,36
2010-11-16,11,11,11,11,0,-8.333333333333337,-8.333333333333337,-8.333333333333337,-8.333333333333337,-100,5,5,36
2010-11-15,11,11,11,11,0,0,0,0,0,NaN,5,5,36
2010-11-12,11.8,11,11,11.8,4000,7.272727272727275,0,0,7.272727272727275,Infinity,5,5,36
2010-11-11,12.2,12.2,12.2,12.2,0,3.3898305084745672,10.909090909090914,10.909090909090914,3.3898305084745672,-100,5,5,36
2010-11-10,12.2,12.2,12.2,12.2,0,0,0,0,0,NaN,5,5,36
2010-11-09,12.2,12.2,12.2,12.2,0,0,0,0,0,NaN,5,5,36
2010-11-08,12.2,12.2,12.2,12.2,0,0,0,0,0,NaN,5,5,36
2010-11-05,12.2,12.2,12.2,12.2,0,0,0,0,0,NaN,5,5,36
2010-11-04,12.2,12.2,12.2,12.2,0,0,0,0,0,NaN,5,5,36
2010-11-03,12.2,12.2,12.2,12.2,0,0,0,0,0,NaN,5,5,36
2010-11-02,12.2,12.2,12.2,12.2,0,0,0,0,0,NaN,5,5,36
2010-11-01,12.2,12.2,12.2,12.2,0,0,0,0,0,NaN,5,5,36
2010-10-29,12.2,12.2,12.2,12.2,972,0,0,0,0,Infinity,5,5,36
2010-10-28,11,11,11,11,0,-9.836065573770492,-9.836065573770492,-9.836065573770492,-9.836065573770492,-100,5,5,36
2010-10-27,11.95,11,11,11.95,2000,8.636363636363619,0,0,8.636363636363619,Infinity,5,5,36
2010-10-26,12,12,12,12,0,0.4184100418409997,9.090909090909083,9.090909090909083,0.4184100418409997,-100,5,5,36
2010-10-25,12,12,12,12,28,0,0,0,0,Infinity,5,5,36
2010-10-22,10.4,10.4,10.4,10.4,0,-13.33333333333333,-13.33333333333333,-13.33333333333333,-13.33333333333333,-100,5,5,36
2010-10-21,10.4,10.4,10.4,10.4,0,0,0,0,0,NaN,5,5,36
2010-10-20,10.4,10.4,10.4,10.4,0,0,0,0,0,NaN,5,5,36
2010-10-19,10.4,10.4,10.4,10.4,0,0,0,0,0,NaN,5,5,36
2010-10-18,10.4,10.4,10.4,10.4,0,0,0,0,0,NaN,5,5,36
2010-10-15,10.4,10.4,10.4,10.4,340,0,0,0,0,Infinity,5,5,36
2010-10-14,10.4,10.4,10.4,10.4,500,0,0,0,0,47.058823529411775,5,5,36
2010-10-13,10.6,10.6,10.6,10.6,1612,1.9230769230769162,1.9230769230769162,1.9230769230769162,1.9230769230769162,222.40000000000003,5,5,36
2010-10-12,9.6,9.6,9.6,9.6,0,-9.433962264150942,-9.433962264150942,-9.433962264150942,-9.433962264150942,-100,5,5,36
2010-10-11,9.6,9.6,9.6,9.6,0,0,0,0,0,NaN,5,5,36
2010-10-08,9.6,9.6,9.6,9.6,0,0,0,0,0,NaN,5,5,36
2010-10-07,9.6,9.6,9.6,9.6,0,0,0,0,0,NaN,5,5,36
2010-10-06,9.6,9.6,9.6,9.6,0,0,0,0,0,NaN,5,5,36
2010-10-05,9.6,9.6,9.6,9.6,0,0,0,0,0,NaN,5,5,36
2010-10-04,9.6,8,9.6,9.3,3675,0,-16.666666666666664,0,-3.124999999999989,Infinity,5,5,36
2010-10-01,10,9.8,9.8,10,600,4.166666666666674,22.500000000000007,2.083333333333348,7.526881720430101,-83.6734693877551,5,5,36
2010-09-30,9.65,9.6,9.6,9.65,1290,-3.499999999999992,-2.0408163265306256,-2.0408163265306256,-3.499999999999992,114.99999999999999,5,5,36
2010-09-29,10.9,10.9,10.9,10.9,900,12.95336787564767,13.541666666666675,13.541666666666675,12.95336787564767,-30.23255813953488,5,5,36
2010-09-28,11,11,11,11,0,0.917431192660545,0.917431192660545,0.917431192660545,0.917431192660545,-100,5,5,36
2010-09-27,11,11,11,11,0,0,0,0,0,NaN,5,5,36
2010-09-24,11,11,11,11,0,0,0,0,0,NaN,5,5,36
2010-09-23,11,11,11,11,0,0,0,0,0,NaN,5,5,36
2010-09-22,11,11,11,11,0,0,0,0,0,NaN,5,5,36
2010-09-21,11,11,11,11,0,0,0,0,0,NaN,5,5,36
2010-09-20,11,11,11,11,0,0,0,0,0,NaN,5,5,36
2010-09-17,11,11,11,11,0,0,0,0,0,NaN,5,5,36
2010-09-16,11,11,11,11,20,0,0,0,0,Infinity,5,5,36
2010-09-15,11,11,11,11,0,0,0,0,0,-100,5,5,36
2010-09-14,11,11,11,11,0,0,0,0,0,NaN,5,5,36
2010-09-13,11,11,11,11,0,0,0,0,0,NaN,5,5,36
2010-09-10,11,11,11,11,1007,0,0,0,0,Infinity,5,5,36
2010-09-09,11,11,11,11,0,0,0,0,0,-100,5,5,36
2010-09-08,11,11,11,11,0,0,0,0,0,NaN,5,5,36
2010-09-07,11,11,11,11,0,0,0,0,0,NaN,5,5,36
2010-09-06,11,11,11,11,0,0,0,0,0,NaN,5,5,36
2010-09-03,11,11,11,11,1000,0,0,0,0,Infinity,5,5,36
2010-09-02,11,11,11,11,1000,0,0,0,0,0,5,5,36
2010-09-01,11,11,11,11,700,0,0,0,0,-30.000000000000004,5,5,36
2010-08-31,11.2,11,11,11.2,1000,1.8181818181818077,0,0,1.8181818181818077,42.85714285714286,5,5,36
2010-08-30,11.1,11.1,11.1,11.1,0,-0.8928571428571397,0.9090909090909038,0.9090909090909038,-0.8928571428571397,-100,5,5,36
2010-08-27,11.1,11.1,11.1,11.1,900,0,0,0,0,Infinity,5,5,36
2010-08-26,12.7,12.7,12.7,12.7,0,14.414414414414424,14.414414414414424,14.414414414414424,14.414414414414424,-100,5,5,36
2010-08-24,12.7,12.7,12.7,12.7,1000,0,0,0,0,Infinity,5,5,36
2010-08-23,12.8,12.8,12.8,12.8,1000,0.7874015748031704,0.7874015748031704,0.7874015748031704,0.7874015748031704,0,5,5,36
2010-08-20,13.7,13.7,13.7,13.7,0,7.031249999999978,7.031249999999978,7.031249999999978,7.031249999999978,-100,5,5,36
2010-08-19,13.7,13.7,13.7,13.7,0,0,0,0,0,NaN,5,5,36
2010-08-18,13.7,13.7,13.7,13.7,0,0,0,0,0,NaN,5,5,36
2010-08-17,13.7,13.7,13.7,13.7,20,0,0,0,0,Infinity,5,5,36
2010-08-16,13,13,13,13,0,-5.109489051094885,-5.109489051094885,-5.109489051094885,-5.109489051094885,-100,5,5,36
2010-08-13,13,13,13,13,250,0,0,0,0,Infinity,5,5,36
2010-08-12,12.7,12.7,12.7,12.7,0,-2.3076923076923106,-2.3076923076923106,-2.3076923076923106,-2.3076923076923106,-100,5,5,36
2010-08-11,12.7,12.7,12.7,12.7,3334,0,0,0,0,Infinity,5,5,36
2010-08-10,12.7,12.7,12.7,12.7,150,0,0,0,0,-95.50089982003598,5,5,36
2010-08-09,13.5,13.5,13.5,13.5,0,6.299212598425208,6.299212598425208,6.299212598425208,6.299212598425208,-100,5,5,36
2010-08-06,13.5,13.5,13.5,13.5,1000,0,0,0,0,Infinity,5,5,36
2010-08-05,13.7,13.7,13.7,13.7,0,1.4814814814814836,1.4814814814814836,1.4814814814814836,1.4814814814814836,-100,5,5,36
2010-08-04,13.7,13.7,13.7,13.7,350,0,0,0,0,Infinity,5,5,36
2010-08-03,13.9,13.9,13.9,13.9,0,1.4598540145985384,1.4598540145985384,1.4598540145985384,1.4598540145985384,-100,5,5,36
2010-08-02,14,13.9,13.9,14,1500,0.7194244604316502,0,0,0.7194244604316502,Infinity,5,5,36
2010-07-30,14,14,14,14,0,0,0.7194244604316502,0.7194244604316502,0,-100,5,5,36
2010-07-29,14,14,14,14,0,0,0,0,0,NaN,5,5,36
2010-07-28,14,14,14,14,0,0,0,0,0,NaN,5,5,36
2010-07-27,14,14,14,14,0,0,0,0,0,NaN,5,5,36
2010-07-26,14,14,14,14,1000,0,0,0,0,Infinity,5,5,36
2010-07-23,13.2,13,13.2,13,350,-5.714285714285716,-7.14285714285714,-5.714285714285716,-7.14285714285714,-65,5,5,36
2010-07-22,13.2,13.2,13.2,13.2,350,0,1.538461538461533,0,1.538461538461533,0,5,5,36
2010-07-21,12,12,12,12,0,-9.090909090909083,-9.090909090909083,-9.090909090909083,-9.090909090909083,-100,5,5,36
2010-07-20,12,12,12,12,0,0,0,0,0,NaN,5,5,36
2010-07-19,12,12,12,12,0,0,0,0,0,NaN,5,5,36
2010-07-16,12,12,12,12,0,0,0,0,0,NaN,5,5,36
2010-07-15,12,12,12,12,500,0,0,0,0,Infinity,5,5,36
2010-07-14,12.9,12.9,12.9,12.9,0,7.499999999999996,7.499999999999996,7.499999999999996,7.499999999999996,-100,5,5,36
2010-07-13,12.9,12.9,12.9,12.9,0,0,0,0,0,NaN,5,5,36
2010-07-12,12.9,12.9,12.9,12.9,0,0,0,0,0,NaN,5,5,36
2010-07-09,12.9,12.9,12.9,12.9,0,0,0,0,0,NaN,5,5,36
2010-07-08,12.9,12.7,12.9,12.7,1400,0,-1.5503875968992276,0,-1.5503875968992276,Infinity,5,5,36
2010-07-07,11.5,11.5,11.5,11.5,400,-10.852713178294572,-9.44881889763779,-10.852713178294572,-9.44881889763779,-71.42857142857143,5,5,36
2010-07-06,11.5,11.5,11.5,11.5,950,0,0,0,0,137.5,5,5,36
2010-07-05,12,12,12,12,0,4.347826086956519,4.347826086956519,4.347826086956519,4.347826086956519,-100,5,5,36
2010-07-02,12,12,12,12,0,0,0,0,0,NaN,5,5,36
2010-07-01,12,12,12,12,0,0,0,0,0,NaN,5,5,36
2010-06-30,12,12,12,12,0,0,0,0,0,NaN,5,5,36
2010-06-29,12,12,12,12,0,0,0,0,0,NaN,5,5,36
2010-06-28,12.5,12,12,12,3310,4.166666666666674,0,0,0,Infinity,5,5,36
2010-06-24,12.9,12.9,12.9,12.9,0,3.200000000000003,7.499999999999996,7.499999999999996,7.499999999999996,-100,5,5,36
2010-06-23,12.9,12.9,12.9,12.9,0,0,0,0,0,NaN,5,5,36
2010-06-22,12.9,11,12.9,11,4150,0,-14.72868217054264,0,-14.72868217054264,Infinity,5,5,36
2010-06-21,13,13,13,13,400,0.7751937984496138,18.181818181818187,0.7751937984496138,18.181818181818187,-90.36144578313254,5,5,36
2010-06-18,13.8,13.8,13.8,13.8,50,6.153846153846154,6.153846153846154,6.153846153846154,6.153846153846154,-87.5,5,5,36
2010-06-17,13.8,13.8,13.8,13.8,400,0,0,0,0,700,5,5,36
2010-06-16,12.5,12.5,12.5,12.5,0,-9.420289855072472,-9.420289855072472,-9.420289855072472,-9.420289855072472,-100,5,5,36
2010-06-15,12.5,12.5,12.5,12.5,150,0,0,0,0,Infinity,5,5,36
2010-06-14,12.5,12.5,12.5,12.5,1350,0,0,0,0,800,5,5,36
2010-06-11,11.8,11.8,11.8,11.8,0,-5.599999999999994,-5.599999999999994,-5.599999999999994,-5.599999999999994,-100,5,5,36
2010-06-10,11.8,11.8,11.8,11.8,500,0,0,0,0,Infinity,5,5,36
2010-06-09,12.7,12.7,12.7,12.7,0,7.627118644067776,7.627118644067776,7.627118644067776,7.627118644067776,-100,5,5,36
2010-06-08,12.7,11.5,12.7,11.5,500,0,-9.44881889763779,0,-9.44881889763779,Infinity,5,5,36
2010-06-07,11.2,11.1,11.2,11.1,330,-11.811023622047244,-3.4782608695652195,-11.811023622047244,-3.4782608695652195,-34,5,5,36
2010-06-04,12,12,12,12,1000,7.14285714285714,8.108108108108114,7.14285714285714,8.108108108108114,203.03030303030303,5,5,36
2010-06-03,11,11,11,11,0,-8.333333333333337,-8.333333333333337,-8.333333333333337,-8.333333333333337,-100,5,5,36
2010-06-02,11,11,11,11,1000,0,0,0,0,Infinity,5,5,36
2010-06-01,11.6,11.6,11.6,11.6,0,5.454545454545445,5.454545454545445,5.454545454545445,5.454545454545445,-100,5,5,36
2010-05-31,11.6,11.6,11.6,11.6,0,0,0,0,0,NaN,5,5,36
2010-05-28,11.6,11.6,11.6,11.6,0,0,0,0,0,NaN,5,5,36
2010-05-27,11.6,11.6,11.6,11.6,0,0,0,0,0,NaN,5,5,36
2010-05-26,11.6,11.6,11.6,11.6,0,0,0,0,0,NaN,5,5,36
2010-05-25,11.6,11.1,11.6,11.1,1200,0,-4.31034482758621,0,-4.31034482758621,Infinity,5,5,36
2010-05-24,12.1,12.1,12.1,12.1,0,4.31034482758621,9.009009009009006,4.31034482758621,9.009009009009006,-100,5,5,36
2010-05-21,12.1,12.1,12.1,12.1,0,0,0,0,0,NaN,5,5,36
2010-05-20,12.1,12.1,12.1,12.1,0,0,0,0,0,NaN,5,5,36
2010-05-19,12.1,12.1,12.1,12.1,0,0,0,0,0,NaN,5,5,36
2010-05-18,12.1,12.1,12.1,12.1,140,0,0,0,0,Infinity,5,5,36
2010-05-17,13.7,12.1,12.1,13.7,2410,13.223140495867769,0,0,13.223140495867769,1621.4285714285716,5,5,36
2010-05-14,13.9,13.9,13.9,13.9,0,1.4598540145985384,14.876033057851256,14.876033057851256,1.4598540145985384,-100,5,5,36
2010-05-12,13.9,13.9,13.9,13.9,200,0,0,0,0,Infinity,5,5,36
2010-05-11,12.6,12.6,12.6,12.6,0,-9.35251798561152,-9.35251798561152,-9.35251798561152,-9.35251798561152,-100,5,5,36
2010-05-10,12.6,12.6,12.6,12.6,0,0,0,0,0,NaN,5,5,36
2010-05-07,12.6,12.6,12.6,12.6,5000,0,0,0,0,Infinity,5,5,36
2010-05-06,13.5,13.5,13.5,13.5,0,7.14285714285714,7.14285714285714,7.14285714285714,7.14285714285714,-100,5,5,36
2010-05-05,14.4,13.5,13.5,14.4,780,6.666666666666665,0,0,6.666666666666665,Infinity,5,5,36
2010-05-04,14,14,14,14,0,-2.777777777777779,3.703703703703698,3.703703703703698,-2.777777777777779,-100,5,5,36
2010-05-03,14,13.9,14,13.9,1100,0,-0.7142857142857117,0,-0.7142857142857117,Infinity,5,5,36
2010-04-30,13.9,13.9,13.9,13.9,0,-0.7142857142857117,0,-0.7142857142857117,0,-100,5,5,36
2010-04-29,13.9,13.9,13.9,13.9,525,0,0,0,0,Infinity,5,5,36
2010-04-28,15.3,13.7,13.7,14.6,3550,10.07194244604317,-1.4388489208633115,-1.4388489208633115,5.035971223021574,576.1904761904761,5,5,36
2010-04-27,14.6,13.7,14.6,13.7,550,-4.575163398692816,0,6.569343065693434,-6.164383561643838,-84.50704225352112,5,5,36
2010-04-26,13.6,13.6,13.6,13.6,937,-6.849315068493156,-0.7299270072992692,-6.849315068493156,-0.7299270072992692,70.36363636363636,5,5,36
2010-04-23,14.6,14.2,14.2,14.6,1500,7.352941176470584,4.4117647058823595,4.4117647058823595,7.352941176470584,60.08537886873,5,5,36
2010-04-22,16.4,14,15.8,14.2,6008,12.328767123287655,-1.4084507042253502,11.267605633802823,-2.73972602739726,300.53333333333336,5,5,36
2010-04-21,16,15,15,15.1,7400,-2.4390243902438935,7.14285714285714,-5.063291139240511,6.338028169014098,23.16910785619175,5,5,36
2010-04-20,17,15.2,17,16,5516,6.25,1.3333333333333197,13.33333333333333,5.96026490066226,-25.459459459459456,5,5,36
2010-04-19,17.9,15.8,17,17.9,8350,5.294117647058805,3.9473684210526327,0,11.874999999999991,51.37781000725163,5,5,36
2010-04-16,18.7,16.6,16.6,18.3,21547,4.469273743016755,5.063291139240511,-2.35294117647058,2.2346368715083997,158.0479041916168,5,5,36
2010-04-15,21.6,16.2,17.5,17,24946,15.50802139037435,-2.4096385542168752,5.421686746987953,-7.10382513661203,15.774817840070554,5,5,36
2010-04-14,16.2,13,16.1,13.2,12500,-25.00000000000001,-19.753086419753085,-7.9999999999999964,-22.352941176470598,-49.89176621502446,5,5,36
2010-04-13,13,12.05,13,12.05,4300,-19.753086419753085,-7.307692307692304,-19.254658385093173,-8.712121212121204,-65.60000000000001,5,5,36
2010-04-12,12.5,12.5,12.5,12.5,1000,-3.8461538461538436,3.734439834024883,-3.8461538461538436,3.734439834024883,-76.74418604651163,5,5,36
2010-04-09,12.4,12.4,12.4,12.4,0,-0.8000000000000007,-0.8000000000000007,-0.8000000000000007,-0.8000000000000007,-100,5,5,36
2010-04-08,12.4,12.4,12.4,12.4,0,0,0,0,0,NaN,5,5,36
2010-04-07,12.4,12.4,12.4,12.4,1000,0,0,0,0,Infinity,5,5,36
2010-04-06,11.3,11.3,11.3,11.3,0,-8.870967741935477,-8.870967741935477,-8.870967741935477,-8.870967741935477,-100,5,5,36
2010-04-01,11.3,11.3,11.3,11.3,0,0,0,0,0,NaN,5,5,36
2010-03-31,11.3,11.3,11.3,11.3,0,0,0,0,0,NaN,5,5,36
2010-03-30,11.3,11.3,11.3,11.3,0,0,0,0,0,NaN,5,5,36
2010-03-29,11.3,11.3,11.3,11.3,200,0,0,0,0,Infinity,5,5,36
2010-03-26,11.8,11.5,11.5,11.8,2700,4.424778761061954,1.7699115044247815,1.7699115044247815,4.424778761061954,1250,5,5,36
2010-03-25,12.2,11.5,11.55,11.5,3700,3.3898305084745672,0,0.43478260869564966,-2.5423728813559365,37.037037037037045,5,5,36
2010-03-24,13.15,13.15,13.15,13.15,0,7.7868852459016535,14.347826086956527,13.85281385281385,14.347826086956527,-100,5,5,36
2010-03-23,13.15,13.15,13.15,13.15,0,0,0,0,0,NaN,5,5,36
2010-03-22,13.15,13.15,13.15,13.15,0,0,0,0,0,NaN,5,5,36
2010-03-19,13.15,13.15,13.15,13.15,0,0,0,0,0,NaN,5,5,36
2010-03-18,13.15,12.7,13.15,12.7,2000,0,-3.4220532319391705,0,-3.4220532319391705,Infinity,5,5,36
2010-03-17,13.4,12.7,13.4,12.7,3030,1.9011406844106515,0,1.9011406844106515,0,51.49999999999999,5,5,36
2010-03-16,13.75,13,13,13.75,3488,2.6119402985074647,2.3622047244094446,-2.985074626865669,8.267716535433077,15.115511551155114,5,5,36
2010-03-15,13.9,12.1,12.1,13.5,7300,1.090909090909098,-6.923076923076921,-6.923076923076921,-1.8181818181818188,109.28899082568807,5,5,36
2010-03-12,13.5,11.65,13.5,12.3,5409,-2.877697841726623,-3.7190082644628086,11.570247933884303,-8.888888888888879,-25.90410958904109,5,5,36
2010-03-11,11.5,11.1,11.5,11.1,8000,-14.814814814814813,-4.7210300429184615,-14.814814814814813,-9.756097560975618,47.90164540580515,5,5,36
2010-03-10,10.9,10.9,10.9,10.9,1300,-5.217391304347818,-1.8018018018017945,-5.217391304347818,-1.8018018018017945,-83.75,5,5,36
2010-03-09,10.5,10.5,10.5,10.5,1000,-3.669724770642202,-3.669724770642202,-3.669724770642202,-3.669724770642202,-23.076923076923073,5,5,36
2010-03-08,11.8,10.1,10.1,11.8,1186,12.380952380952381,-3.809523809523818,-3.809523809523818,12.380952380952381,18.599999999999994,5,5,36
2010-03-05,9.05,9.05,9.05,9.05,0,-23.305084745762706,-10.396039603960382,-10.396039603960382,-23.305084745762706,-100,5,5,36
2010-03-04,9.05,9.05,9.05,9.05,0,0,0,0,0,NaN,5,5,36
2010-03-03,9.05,9.05,9.05,9.05,0,0,0,0,0,NaN,5,5,36
2010-03-02,10.5,9.05,9.05,9.5,2210,16.022099447513803,0,0,4.972375690607733,Infinity,5,5,36
2010-03-01,9.45,9.45,9.45,9.45,1210,-10.000000000000009,4.41988950276242,4.41988950276242,-0.526315789473697,-45.24886877828054,5,5,36
2010-02-26,8.25,8.25,8.25,8.25,0,-12.698412698412687,-12.698412698412687,-12.698412698412687,-12.698412698412687,-100,5,5,36
2010-02-25,8.4,8.25,8.25,8.4,2600,1.81818181818183,0,0,1.81818181818183,Infinity,5,5,36
2010-02-24,8.3,8.3,8.3,8.3,0,-1.1904761904761862,0.60606060606061,0.60606060606061,-1.1904761904761862,-100,5,5,36
2010-02-23,8.3,8.3,8.3,8.3,100,0,0,0,0,Infinity,5,5,36
2010-02-22,8.05,8.05,8.05,8.05,0,-3.0120481927710885,-3.0120481927710885,-3.0120481927710885,-3.0120481927710885,-100,5,5,36
2010-02-19,8.05,8.05,8.05,8.05,110,0,0,0,0,Infinity,5,5,36
2010-02-18,10.4,10.4,10.4,10.4,0,29.19254658385093,29.19254658385093,29.19254658385093,29.19254658385093,-100,5,5,36
2010-02-17,10.4,10.4,10.4,10.4,0,0,0,0,0,NaN,5,5,36
2010-02-16,10.4,10.4,10.4,10.4,0,0,0,0,0,NaN,5,5,36
2010-02-15,10.4,10.4,10.4,10.4,0,0,0,0,0,NaN,5,5,36
2010-02-12,10.4,10.4,10.4,10.4,0,0,0,0,0,NaN,5,5,36
2010-02-11,10.4,10.4,10.4,10.4,6600,0,0,0,0,Infinity,5,5,36
2010-02-10,10.4,10.4,10.4,10.4,0,0,0,0,0,-100,5,5,36
2010-02-09,10.4,10.4,10.4,10.4,0,0,0,0,0,NaN,5,5,36
2010-02-08,10.4,10.4,10.4,10.4,0,0,0,0,0,NaN,5,5,36
2010-02-05,10.4,10.4,10.4,10.4,0,0,0,0,0,NaN,5,5,36
2010-02-04,10.4,10.4,10.4,10.4,50,0,0,0,0,Infinity,5,5,36
2010-02-03,9,9,9,9,0,-13.461538461538469,-13.461538461538469,-13.461538461538469,-13.461538461538469,-100,5,5,36
2010-02-02,9,9,9,9,0,0,0,0,0,NaN,5,5,36
2010-02-01,9,9,9,9,0,0,0,0,0,NaN,5,5,36
2010-01-29,9,9,9,9,0,0,0,0,0,NaN,5,5,36
2010-01-28,9,9,9,9,0,0,0,0,0,NaN,5,5,36
2010-01-27,9,9,9,9,0,0,0,0,0,NaN,5,5,36
2010-01-26,9,9,9,9,0,0,0,0,0,NaN,5,5,36
2010-01-25,9,9,9,9,50,0,0,0,0,Infinity,5,5,36
2010-01-22,8.15,8.15,8.15,8.15,0,-9.444444444444445,-9.444444444444445,-9.444444444444445,-9.444444444444445,-100,5,5,36
2010-01-21,8.15,8.15,8.15,8.15,0,0,0,0,0,NaN,5,5,36
2010-01-20,8.15,8.15,8.15,8.15,0,0,0,0,0,NaN,5,5,36
2010-01-19,8.15,8.15,8.15,8.15,400,0,0,0,0,Infinity,5,5,36
2010-01-18,8.1,8.1,8.1,8.1,0,-0.613496932515345,-0.613496932515345,-0.613496932515345,-0.613496932515345,-100,5,5,36
2010-01-15,8.1,8.1,8.1,8.1,0,0,0,0,0,NaN,5,5,36
2010-01-14,8.1,8.1,8.1,8.1,0,0,0,0,0,NaN,5,5,36
2010-01-13,8.1,8.1,8.1,8.1,0,0,0,0,0,NaN,5,5,36
2010-01-12,8.1,8.1,8.1,8.1,0,0,0,0,0,NaN,5,5,36
2010-01-11,8.1,8.1,8.1,8.1,0,0,0,0,0,NaN,5,5,36
2010-01-08,8.1,8.1,8.1,8.1,0,0,0,0,0,NaN,5,5,36
2010-01-07,8.1,8.1,8.1,8.1,0,0,0,0,0,NaN,5,5,36
2010-01-05,8.1,8.1,8.1,8.1,0,0,0,0,0,NaN,5,5,36
2010-01-04,8.1,8.1,8.1,8.1,0,0,0,0,0,NaN,5,5,36
2009-12-30,8.1,8.1,8.1,8.1,1000,0,0,0,0,Infinity,5,5,36
2009-12-29,8.1,8.1,8.1,8.1,0,0,0,0,0,-100,5,5,36
2009-12-28,8.1,8.1,8.1,8.1,0,0,0,0,0,NaN,5,5,36
2009-12-23,8.1,8.1,8.1,8.1,500,0,0,0,0,Infinity,5,5,36
2009-12-22,8.1,8.1,8.1,8.1,0,0,0,0,0,-100,5,5,36
2009-12-21,8.1,8.1,8.1,8.1,0,0,0,0,0,NaN,5,5,36
2009-12-18,8.1,8.1,8.1,8.1,0,0,0,0,0,NaN,5,5,36
2009-12-17,8.1,8.1,8.1,8.1,0,0,0,0,0,NaN,5,5,36
2009-12-16,8.1,8.1,8.1,8.1,0,0,0,0,0,NaN,5,5,36
2009-12-15,8.1,8.1,8.1,8.1,4000,0,0,0,0,Infinity,5,5,36
2009-12-14,8,8,8,8,0,-1.2345679012345623,-1.2345679012345623,-1.2345679012345623,-1.2345679012345623,-100,5,5,36
2009-12-11,8,7.95,8,7.95,2500,0,-0.6249999999999978,0,-0.6249999999999978,Infinity,5,5,36
2009-12-10,8,8,8,8,200,0,0.6289308176100628,0,0.6289308176100628,-92,5,5,36
2009-12-09,7.5,7.5,7.5,7.5,0,-6.25,-6.25,-6.25,-6.25,-100,5,5,36
2009-12-08,7.5,7.4,7.5,7.4,1330,0,-1.3333333333333308,0,-1.3333333333333308,Infinity,5,5,36
2009-12-07,7.1,7.1,7.1,7.1,0,-5.333333333333334,-4.054054054054069,-5.333333333333334,-4.054054054054069,-100,5,5,36
2009-12-04,7.1,7.1,7.1,7.1,0,0,0,0,0,NaN,5,5,36
2009-12-03,7.15,7.1,7.1,7.15,2286,0.7042253521126751,0,0,0.7042253521126751,Infinity,5,5,36
2009-12-02,6.5,6.5,6.5,6.5,0,-9.090909090909093,-8.450704225352112,-8.450704225352112,-9.090909090909093,-100,5,5,36
2009-12-01,6.5,6.5,6.5,6.5,0,0,0,0,0,NaN,5,5,36
2009-11-30,6.5,6.5,6.5,6.5,0,0,0,0,0,NaN,5,5,36
2009-11-27,6.5,6.5,6.5,6.5,0,0,0,0,0,NaN,5,5,36
2009-11-26,6.5,6.5,6.5,6.5,0,0,0,0,0,NaN,5,5,36
2009-11-25,6.5,6.5,6.5,6.5,0,0,0,0,0,NaN,5,5,36
2009-11-24,6.5,6.5,6.5,6.5,0,0,0,0,0,NaN,5,5,36
2009-11-23,6.5,6.5,6.5,6.5,0,0,0,0,0,NaN,5,5,36
2009-11-20,6.5,6.5,6.5,6.5,0,0,0,0,0,NaN,5,5,36
2009-11-19,6.5,6.5,6.5,6.5,0,0,0,0,0,NaN,5,5,36
2009-11-18,6.5,6.5,6.5,6.5,0,0,0,0,0,NaN,5,5,36
2009-11-17,6.5,6.5,6.5,6.5,0,0,0,0,0,NaN,5,5,36
2009-11-16,6.5,6.5,6.5,6.5,0,0,0,0,0,NaN,5,5,36
2009-11-13,6.5,6.5,6.5,6.5,1000,0,0,0,0,Infinity,5,5,36
2009-11-12,6.55,6.55,6.55,6.55,0,0.7692307692307665,0.7692307692307665,0.7692307692307665,0.7692307692307665,-100,5,5,36
2009-11-11,6.55,6.55,6.55,6.55,0,0,0,0,0,NaN,5,5,36
2009-11-10,6.55,6.55,6.55,6.55,0,0,0,0,0,NaN,5,5,36
2009-11-09,6.55,6.55,6.55,6.55,0,0,0,0,0,NaN,5,5,36
2009-11-06,6.55,6.55,6.55,6.55,0,0,0,0,0,NaN,5,5,36
2009-11-05,6.55,6.55,6.55,6.55,0,0,0,0,0,NaN,5,5,36
2009-11-04,6.55,6.55,6.55,6.55,0,0,0,0,0,NaN,5,5,36
2009-11-03,6.55,6.55,6.55,6.55,1000,0,0,0,0,Infinity,5,5,36
2009-11-02,5.95,5.95,5.95,5.95,0,-9.160305343511443,-9.160305343511443,-9.160305343511443,-9.160305343511443,-100,5,5,36
2009-10-30,5.95,5.95,5.95,5.95,0,0,0,0,0,NaN,5,5,36
2009-10-29,5.95,5.95,5.95,5.95,0,0,0,0,0,NaN,5,5,36
2009-10-28,5.95,5.95,5.95,5.95,0,0,0,0,0,NaN,5,5,36
2009-10-27,5.95,5.95,5.95,5.95,0,0,0,0,0,NaN,5,5,36
2009-10-26,5.95,5.95,5.95,5.95,0,0,0,0,0,NaN,5,5,36
2009-10-23,5.95,5.95,5.95,5.95,0,0,0,0,0,NaN,5,5,36
2009-10-22,5.95,5.95,5.95,5.95,0,0,0,0,0,NaN,5,5,36
2009-10-21,5.95,5.95,5.95,5.95,0,0,0,0,0,NaN,5,5,36
2009-10-20,5.95,5.95,5.95,5.95,0,0,0,0,0,NaN,5,5,36
2009-10-19,5.95,5.95,5.95,5.95,0,0,0,0,0,NaN,5,5,36
2009-10-16,5.95,5.95,5.95,5.95,0,0,0,0,0,NaN,5,5,36
2009-10-15,5.95,5.95,5.95,5.95,0,0,0,0,0,NaN,5,5,36
2009-10-14,5.95,5.95,5.95,5.95,0,0,0,0,0,NaN,5,5,36
2009-10-13,5.95,5.95,5.95,5.95,0,0,0,0,0,NaN,5,5,36
2009-10-12,5.95,5.95,5.95,5.95,0,0,0,0,0,NaN,5,5,36
2009-10-09,5.95,5.95,5.95,5.95,0,0,0,0,0,NaN,5,5,36
2009-10-08,5.95,5.95,5.95,5.95,0,0,0,0,0,NaN,5,5,36
2009-10-07,5.95,5.95,5.95,5.95,0,0,0,0,0,NaN,5,5,36
2009-10-06,5.95,5.95,5.95,5.95,0,0,0,0,0,NaN,5,5,36
2009-10-05,5.95,5.95,5.95,5.95,0,0,0,0,0,NaN,5,5,36
2009-10-02,5.95,5.95,5.95,5.95,0,0,0,0,0,NaN,5,5,36
2009-10-01,5.95,5.95,5.95,5.95,1000,0,0,0,0,Infinity,5,5,36
2009-09-30,5.75,5.75,5.75,5.75,0,-3.361344537815125,-3.361344537815125,-3.361344537815125,-3.361344537815125,-100,5,5,36
2009-09-29,5.75,5.75,5.75,5.75,0,0,0,0,0,NaN,5,5,36
2009-09-28,5.75,5.75,5.75,5.75,0,0,0,0,0,NaN,5,5,36
2009-09-25,5.75,5.75,5.75,5.75,0,0,0,0,0,NaN,5,5,36
2009-09-24,5.75,5.75,5.75,5.75,1000,0,0,0,0,Infinity,5,5,36
2009-09-23,5.5,5.5,5.5,5.5,0,-4.347826086956519,-4.347826086956519,-4.347826086956519,-4.347826086956519,-100,5,5,36
2009-09-22,5.5,5.5,5.5,5.5,0,0,0,0,0,NaN,5,5,36
2009-09-21,5.5,5.5,5.5,5.5,0,0,0,0,0,NaN,5,5,36
2009-09-18,5.5,5.5,5.5,5.5,0,0,0,0,0,NaN,5,5,36
2009-09-17,5.5,5.5,5.5,5.5,0,0,0,0,0,NaN,5,5,36
2009-09-16,5.5,5.5,5.5,5.5,0,0,0,0,0,NaN,5,5,36
2009-09-15,5.5,5.5,5.5,5.5,0,0,0,0,0,NaN,5,5,36
2009-09-14,5.5,5.5,5.5,5.5,0,0,0,0,0,NaN,5,5,36
2009-09-11,5.5,5.5,5.5,5.5,0,0,0,0,0,NaN,5,5,36
2009-09-10,5.5,5.5,5.5,5.5,0,0,0,0,0,NaN,5,5,36
2009-09-09,5.5,5.2,5.5,5.2,9000,0,-5.454545454545457,0,-5.454545454545457,Infinity,5,5,36
2009-09-08,4.36,4.36,4.36,4.36,0,-20.727272727272716,-16.153846153846153,-20.727272727272716,-16.153846153846153,-100,5,5,36
2009-09-07,4.36,4.36,4.36,4.36,0,0,0,0,0,NaN,5,5,36
2009-09-04,4.36,4.36,4.36,4.36,0,0,0,0,0,NaN,5,5,36
2009-09-03,4.36,4.36,4.36,4.36,0,0,0,0,0,NaN,5,5,36
2009-09-02,4.36,4.36,4.36,4.36,0,0,0,0,0,NaN,5,5,36
2009-09-01,4.36,4.36,4.36,4.36,0,0,0,0,0,NaN,5,5,36
2009-08-31,4.36,4.36,4.36,4.36,0,0,0,0,0,NaN,5,5,36
2009-08-28,4.36,4.36,4.36,4.36,0,0,0,0,0,NaN,5,5,36
2009-08-27,4.36,4.36,4.36,4.36,0,0,0,0,0,NaN,5,5,36
2009-08-26,4.36,4.36,4.36,4.36,0,0,0,0,0,NaN,5,5,36
2009-08-25,4.36,4.36,4.36,4.36,0,0,0,0,0,NaN,5,5,36
2009-08-24,4.36,4.36,4.36,4.36,0,0,0,0,0,NaN,5,5,36
2009-08-21,4.36,4.36,4.36,4.36,0,0,0,0,0,NaN,5,5,36
2009-08-20,4.36,4.36,4.36,4.36,0,0,0,0,0,NaN,5,5,36
2009-08-19,4.36,4.36,4.36,4.36,0,0,0,0,0,NaN,5,5,36
2009-08-18,4.36,4.36,4.36,4.36,0,0,0,0,0,NaN,5,5,36
2009-08-17,4.36,4.36,4.36,4.36,0,0,0,0,0,NaN,5,5,36
2009-08-14,4.36,4.36,4.36,4.36,0,0,0,0,0,NaN,5,5,36
2009-08-13,4.36,4.36,4.36,4.36,0,0,0,0,0,NaN,5,5,36
2009-08-12,4.36,4.36,4.36,4.36,0,0,0,0,0,NaN,5,5,36
2009-08-11,4.36,4.36,4.36,4.36,1000,0,0,0,0,Infinity,5,5,36
2009-08-10,3.9,3.9,3.9,3.9,0,-10.550458715596333,-10.550458715596333,-10.550458715596333,-10.550458715596333,-100,5,5,36
2009-08-07,3.9,3.9,3.9,3.9,0,0,0,0,0,NaN,5,5,36
2009-08-06,3.9,3.9,3.9,3.9,2000,0,0,0,0,Infinity,5,5,36
2009-08-05,3.24,3.24,3.24,3.24,0,-16.92307692307692,-16.92307692307692,-16.92307692307692,-16.92307692307692,-100,5,5,36
2009-08-04,3.24,3.24,3.24,3.24,0,0,0,0,0,NaN,5,5,36
2009-08-03,3.24,3.24,3.24,3.24,0,0,0,0,0,NaN,5,5,36
2009-07-31,3.24,3.24,3.24,3.24,0,0,0,0,0,NaN,5,5,36
2009-07-30,3.24,3.24,3.24,3.24,0,0,0,0,0,NaN,5,5,36
2009-07-29,3.24,3.24,3.24,3.24,0,0,0,0,0,NaN,5,5,36
2009-07-28,3.24,3.24,3.24,3.24,0,0,0,0,0,NaN,5,5,36
2009-07-27,3.24,3.24,3.24,3.24,0,0,0,0,0,NaN,5,5,36
2009-07-24,3.24,3.24,3.24,3.24,0,0,0,0,0,NaN,5,5,36
2009-07-23,3.24,3.24,3.24,3.24,0,0,0,0,0,NaN,5,5,36
2009-07-22,3.24,3.24,3.24,3.24,0,0,0,0,0,NaN,5,5,36
2009-07-21,3.24,3.24,3.24,3.24,0,0,0,0,0,NaN,5,5,36
2009-07-20,3.24,3.24,3.24,3.24,0,0,0,0,0,NaN,5,5,36
2009-07-17,3.24,3.24,3.24,3.24,0,0,0,0,0,NaN,5,5,36
2009-07-16,3.24,3.24,3.24,3.24,0,0,0,0,0,NaN,5,5,36
2009-07-15,3.24,3.24,3.24,3.24,0,0,0,0,0,NaN,5,5,36
2009-07-14,3.24,3.24,3.24,3.24,0,0,0,0,0,NaN,5,5,36
2009-07-13,3.24,3.24,3.24,3.24,0,0,0,0,0,NaN,5,5,36
2009-07-10,3.24,3.24,3.24,3.24,0,0,0,0,0,NaN,5,5,36
2009-07-09,3.24,3.24,3.24,3.24,0,0,0,0,0,NaN,5,5,36
2009-07-08,3.24,3.24,3.24,3.24,0,0,0,0,0,NaN,5,5,36
2009-07-07,3.24,3.24,3.24,3.24,0,0,0,0,0,NaN,5,5,36
2009-07-06,3.24,3.24,3.24,3.24,0,0,0,0,0,NaN,5,5,36
2009-07-03,3.24,3.24,3.24,3.24,0,0,0,0,0,NaN,5,5,36
2009-07-02,3.24,3.24,3.24,3.24,0,0,0,0,0,NaN,5,5,36
2009-07-01,3.24,3.24,3.24,3.24,0,0,0,0,0,NaN,5,5,36
2009-06-30,3.24,3.2,3.24,3.2,8000,0,-1.2345679012345734,0,-1.2345679012345734,Infinity,5,5,36
2009-06-29,3.41,3.41,3.41,3.41,2000,5.246913580246915,6.562500000000004,5.246913580246915,6.562500000000004,-75,5,5,36
2009-06-26,3.81,3.81,3.81,3.81,0,11.730205278592365,11.730205278592365,11.730205278592365,11.730205278592365,-100,5,5,36
2009-06-25,3.81,3.81,3.81,3.81,0,0,0,0,0,NaN,5,5,36
2009-06-24,3.81,3.81,3.81,3.81,0,0,0,0,0,NaN,5,5,36
2009-06-23,3.81,3.81,3.81,3.81,0,0,0,0,0,NaN,5,5,36
2009-06-22,3.81,3.81,3.81,3.81,0,0,0,0,0,NaN,5,5,36
2009-06-18,3.81,3.81,3.81,3.81,0,0,0,0,0,NaN,5,5,36
2009-06-17,3.81,3.81,3.81,3.81,0,0,0,0,0,NaN,5,5,36
2009-06-16,3.81,3.81,3.81,3.81,0,0,0,0,0,NaN,5,5,36
2009-06-15,3.81,3.81,3.81,3.81,0,0,0,0,0,NaN,5,5,36
2009-06-12,3.81,3.81,3.81,3.81,0,0,0,0,0,NaN,5,5,36
2009-06-11,3.81,3.81,3.81,3.81,0,0,0,0,0,NaN,5,5,36
2009-06-10,3.81,3.81,3.81,3.81,0,0,0,0,0,NaN,5,5,36
2009-06-09,3.81,3.81,3.81,3.81,0,0,0,0,0,NaN,5,5,36
2009-06-08,3.81,3.81,3.81,3.81,0,0,0,0,0,NaN,5,5,36
2009-06-05,3.81,3.81,3.81,3.81,0,0,0,0,0,NaN,5,5,36
2009-06-04,3.81,3.81,3.81,3.81,1000,0,0,0,0,Infinity,5,5,36
2009-06-03,3.5,3.5,3.5,3.5,0,-8.13648293963255,-8.13648293963255,-8.13648293963255,-8.13648293963255,-100,5,5,36
2009-06-02,3.5,3.5,3.5,3.5,0,0,0,0,0,NaN,5,5,36
2009-06-01,3.5,3.5,3.5,3.5,0,0,0,0,0,NaN,5,5,36
2009-05-29,3.5,3.5,3.5,3.5,0,0,0,0,0,NaN,5,5,36
2009-05-28,3.5,3.5,3.5,3.5,0,0,0,0,0,NaN,5,5,36
2009-05-27,3.5,3.5,3.5,3.5,0,0,0,0,0,NaN,5,5,36
2009-05-26,3.5,3.5,3.5,3.5,0,0,0,0,0,NaN,5,5,36
2009-05-25,3.5,3.5,3.5,3.5,0,0,0,0,0,NaN,5,5,36
2009-05-22,3.5,3.5,3.5,3.5,0,0,0,0,0,NaN,5,5,36
2009-05-20,3.5,3.5,3.5,3.5,0,0,0,0,0,NaN,5,5,36
2009-05-19,3.5,3.5,3.5,3.5,0,0,0,0,0,NaN,5,5,36
2009-05-18,3.5,3.5,3.5,3.5,0,0,0,0,0,NaN,5,5,36
2009-05-15,3.5,3.5,3.5,3.5,0,0,0,0,0,NaN,5,5,36
2009-05-14,3.5,3.5,3.5,3.5,0,0,0,0,0,NaN,5,5,36
2009-05-13,3.5,3.5,3.5,3.5,0,0,0,0,0,NaN,5,5,36
2009-05-12,3.5,3.5,3.5,3.5,0,0,0,0,0,NaN,5,5,36
2009-05-11,3.5,3.5,3.5,3.5,0,0,0,0,0,NaN,5,5,36
2009-05-08,3.5,3.5,3.5,3.5,0,0,0,0,0,NaN,5,5,36
2009-05-07,3.5,3.5,3.5,3.5,0,0,0,0,0,NaN,5,5,36
2009-05-06,3.5,3.5,3.5,3.5,0,0,0,0,0,NaN,5,5,36
2009-05-05,3.5,3.5,3.5,3.5,0,0,0,0,0,NaN,5,5,36
2009-05-04,3.5,3.5,3.5,3.5,0,0,0,0,0,NaN,5,5,36
2009-04-30,3.5,3.5,3.5,3.5,0,0,0,0,0,NaN,5,5,36
2009-04-29,3.5,3.5,3.5,3.5,0,0,0,0,0,NaN,5,5,36
2009-04-28,3.5,3.5,3.5,3.5,0,0,0,0,0,NaN,5,5,36
2009-04-27,3.5,3.5,3.5,3.5,0,0,0,0,0,NaN,5,5,36
2009-04-24,3.5,3.5,3.5,3.5,0,0,0,0,0,NaN,5,5,36
2009-04-23,3.5,3.5,3.5,3.5,0,0,0,0,0,NaN,5,5,36
2009-04-22,3.5,3.5,3.5,3.5,0,0,0,0,0,NaN,5,5,36
2009-04-21,3.5,3.5,3.5,3.5,0,0,0,0,0,NaN,5,5,36
2009-04-20,3.5,3.5,3.5,3.5,0,0,0,0,0,NaN,5,5,36
2009-04-17,3.5,3.5,3.5,3.5,0,0,0,0,0,NaN,5,5,36
2009-04-16,3.5,3.5,3.5,3.5,0,0,0,0,0,NaN,5,5,36
2009-04-15,3.5,3.5,3.5,3.5,0,0,0,0,0,NaN,5,5,36
2009-04-14,3.5,3.5,3.5,3.5,0,0,0,0,0,NaN,5,5,36
2009-04-09,3.5,3.5,3.5,3.5,0,0,0,0,0,NaN,5,5,36
2009-04-08,3.5,3.5,3.5,3.5,0,0,0,0,0,NaN,5,5,36
2009-04-07,3.5,3.5,3.5,3.5,0,0,0,0,0,NaN,5,5,36
2009-04-06,3.5,3.5,3.5,3.5,0,0,0,0,0,NaN,5,5,36
2009-04-03,3.5,3.5,3.5,3.5,0,0,0,0,0,NaN,5,5,36
2009-04-02,3.5,3.5,3.5,3.5,33000,0,0,0,0,Infinity,5,5,36
2009-04-01,3.5,3.5,3.5,3.5,3000,0,0,0,0,-90.9090909090909,5,5,36
2009-03-31,3.5,3.5,3.5,3.5,0,0,0,0,0,-100,5,5,36
2009-03-30,3.5,3.5,3.5,3.5,0,0,0,0,0,NaN,5,5,36
2009-03-27,3.5,3.5,3.5,3.5,0,0,0,0,0,NaN,5,5,36
2009-03-26,3.5,3.5,3.5,3.5,0,0,0,0,0,NaN,5,5,36
2009-03-25,3.5,3.5,3.5,3.5,1000,0,0,0,0,Infinity,5,5,36
2009-03-24,3.5,3.5,3.5,3.5,0,0,0,0,0,-100,5,5,36
2009-03-23,3.5,3.5,3.5,3.5,0,0,0,0,0,NaN,5,5,36
2009-03-20,3.5,3.5,3.5,3.5,0,0,0,0,0,NaN,5,5,36
2009-03-19,3.5,3.5,3.5,3.5,0,0,0,0,0,NaN,5,5,36
2009-03-18,3.5,3.5,3.5,3.5,4000,0,0,0,0,Infinity,5,5,36
2009-03-17,3.4,3.4,3.4,3.4,0,-2.857142857142858,-2.857142857142858,-2.857142857142858,-2.857142857142858,-100,5,5,36
2009-03-16,3.4,3.4,3.4,3.4,0,0,0,0,0,NaN,5,5,36
2009-03-13,3.4,3.4,3.4,3.4,0,0,0,0,0,NaN,5,5,36
2009-03-12,3.4,3.4,3.4,3.4,0,0,0,0,0,NaN,5,5,36
2009-03-11,3.4,3.4,3.4,3.4,0,0,0,0,0,NaN,5,5,36
2009-03-10,3.4,3.4,3.4,3.4,0,0,0,0,0,NaN,5,5,36
2009-03-09,3.4,3.4,3.4,3.4,0,0,0,0,0,NaN,5,5,36
2009-03-06,3.4,3.4,3.4,3.4,0,0,0,0,0,NaN,5,5,36
2009-03-05,3.4,3.4,3.4,3.4,0,0,0,0,0,NaN,5,5,36
2009-03-04,3.4,3.4,3.4,3.4,0,0,0,0,0,NaN,5,5,36
2009-03-03,3.4,3.4,3.4,3.4,5000,0,0,0,0,Infinity,5,5,36